1850000 89.05
2130000 90.68
2280000 67.01
3620000 131.48
2220000 131.68
1320000 112.32
2020000 124.34
4570000 136.57
1800000 65.6
2530000 94.17
4120000 131.46
1975000 76.29
1430000 86.42
1780000 84.09
1460000 59.33
1180000 50.49
2720000 98.52
2780000 95.28
2220000 193.99
845000 51.14
1030000 65.09
980000 50.07
1375000 71.35
1060000 55.13
2150000 97.84
660000 39.1
1665000 69.7
1830000 73.18
900000 57.04
1220000 59.84
940000 52.16
1110000 105.56
3080000 96.69
995000 52.23
1800000 54.64
1790000 60.1
2188000 61.53
850000 39.88
980000 58.42
2460000 77.96
3200000 85.51
1330000 78.49
1355000 58.86
1430000 49.19
1640000 99.61
2508000 134.96
2451000 107.01
801000 65.67
1180000 109.17
3060000 132.3
1450000 49.66
2800000 111.96
2070000 92.29
1790000 66.62
1850000 161.77
2400000 110.02
1140000 64.67
1335000 40.29
3640000 96.67
1090000 66.43
775000 38.41
2650000 96.8
775000 43.33
1560000 130.6
1460000 94.12
1375000 85.82
1930000 51.88
1180000 79.48
2180000 89.59
3400000 158.88
930000 61.82
1600000 58.31
1080000 39.97
1600000 79.82
2800000 81.7
740000 68.32
1410000 60.99
2718000 81.08
1860000 62.88
2200000 109.94
3630000 131.14
1510000 88.57
1665000 96.61
1280000 128.54
1460000 140.73
1418000 68.51
1080000 63.64
1880000 83.26
845000 47
1100000 44.96
1130000 39.49
1270000 50.7
3520000 137.86
1430000 65.92
1760000 92.47
2270000 51.43
1815000 50.47
2045000 92.78
1620000 55.9
1600000 54.68
2498000 97.69
1307000 96.87
2330000 107.52
2246600 67.01
1130000 54.76
2598000 96.8
1350000 63.2
2440000 129.22
2100000 60.52
2315000 68.23
1448000 104.65
2330000 102.18
2100000 174.91
2530000 113.58
1500000 64.75
1160000 84.81
2190000 92.18
6450000 189.6
870000 41.42
1650000 86.64
1790000 60.23
880000 48.08
1295000 56.01
1430000 115.91
1240000 75.14
740000 50.65
1035000 64.25
1180000 64.34
1230000 36.69
2490000 102.37
3520000 100.82
420000 13.39
2200000 59.02
3490000 113.89
4100000 139.69
1530000 80.48
1530000 90.6
1120000 63.05
2460000 74.24
2525000 92.39
480000 44.99
968000 63.37
1156000 64.44
1110000 52.32
960000 51.26
1100000 60.17
1680000 66.16
3650000 125.96
2180000 62.37
3410000 118.58
1150000 52.18
1230000 61.37
4195000 130.88
1230000 53.72
1470000 63.89
955000 47.7
1230000 76.03
1460000 101.29
4000000 132.11
3600000 278.66
1090000 57.06
2470000 72.16
1590000 56.14
2110000 63.04
1120000 68.31
960000 65.67
1480000 93.7
1820000 57.48
1150000 69.48
798000 61.26
680000 42.79
2280000 139.64
2380000 121.88
760000 45.67
1110000 43.36
2750000 124.98
1120000 72.18
1060000 64.78
2039000 69.09
1700000 62.1
830000 58.32
1047200 72.9
1990000 88.29
2160000 51.71
1840000 89.83
2327000 86.27
1245000 62.49
2280000 102.82
1195000 54.43
2860000 82.23
2050000 94.31
1295000 60.04
1040000 51.52
1695000 76.56
3050000 146.14
755000 37.26
1050000 65.6
2835000 87.61
1186000 50.17
1470000 72.76
899000 49.09
1080000 56.1
1040000 50.15
1780000 86.9
2380000 58.43
1548000 73.18
2110000 57.54
2380000 149.28
1750000 96.45
1440000 50.47
1460000 91.59
1940000 102.41
1220000 54.91
2620000 115.84
2750000 73.66
1395000 84.45
920000 51.81
1775000 68.75
1180000 39.51
2200000 92.47
1000000 58.25
2340000 101.49
1348000 73.62
2260000 87.02
900000 86.47
2850000 86.32
1580000 52.19
1345000 83.29
850000 66.99
1400000 60.72
1593000 63.27
2380000 98.08
3580000 96.12
2600000 125.36
5438000 195.61
2860000 136.45
1960000 69.46
1228000 64.11
1840000 94.09
2390000 86.72
1560000 62.32
2600000 80.19
3820000 139.17
1450000 61.33
3500000 136.82
1130000 61.86
1975000 82.89
2510000 96.94
2535000 91.99
1745000 107.19
833000 45.58
820000 51.11
1570000 85.4
3450000 92.78
1000000 67.12
1230000 64.8
1180000 60.75
1830000 178.23
1442000 96.74
1430000 91.83
4260000 157.06
1030000 52.12
2221000 86.09
2800000 94
2690000 126.36
1230000 87.09
1380000 87.6
1925000 77.52
1350000 81.67
410000 41.16
1900000 99.92
1300000 63.96
2340000 56.19
2128000 70.15
2290000 66.72
2400000 109.87
2488000 107.62
2230000 111.89
2180000 83
850000 50.77
725000 43.22
1910000 63.79
1732000 49.6
4690000 142.28
4150000 132.83
2130000 62.53
930000 59.06
2150000 63.04
1468000 78.13
2600000 72.41
4450000 129.69
410000 13.64
1700000 110.5
1050000 55.45
2128000 86.36
1334000 83.58
1195000 45.36
1010000 61.26
1260000 79.03
1888000 88.06
1680000 62.63
2970000 126.43
3200000 131.03
1020000 60.38
1400000 54.52
1775000 108.06
1350000 68.73
1900000 61.67
2168000 55.34
1026000 43.74
1160000 56.52
3700000 148.25
1720000 90.66
1810000 50.46
860000 46.64
1328000 90.49
1170000 70.34
1382000 55.64
2750000 111.61
950000 58.91
2520000 113.92
3630000 104.15
1675000 52.66
1380000 69.43
1845000 57.48
1150000 50.66
1150000 62.7
2990000 79.88
3720000 183.26
1380000 52.76
1308000 57.26
865000 50.57
1900000 61.49
3480000 149.71
4680000 181.33
988000 40.19
1630000 54.05
105000 13.53
1190000 67.73
1180000 55.98
1345000 77.51
900000 40.93
1236000 57.26
1310000 56.08
1470000 72.38
845000 53.89
3080000 55.15
1248000 65.91
1021800 44.16
2850000 64.93
2680000 131.09
1390000 75.87
1430000 53.16
1180000 51.72
1500000 65.58
1240000 73.62
880000 50.98
4470000 126.94
695000 40.27
1256000 65.34
1020000 55.66
1200000 53.71
910000 51.65
1850000 78.08
1575000 83.62
1350000 54.17
1728000 108.74
2385000 70.37
2100000 132.74
1038000 55.61
2630000 86.48
1500000 48.04
2939000 133.49
1188000 46.74
2842000 100
1900000 111.2
690000 38.06
2498000 83.78
1420000 61.19
970000 67.56
3650000 199.89
3070000 125.37
1140000 47.66
1030000 66.14
3580000 127
1670000 62.88
1020000 60.94
3370000 118.54
980000 51.08
1858000 80.39
1500000 78.81
1968000 53.93
3000000 158.83
1670000 146.08
1170000 130.1
1330000 65.49
2195000 80.55
1100000 47.08
1800000 104.94
1390000 79.69
2416000 89.06
2610000 82.53
1040000 51.15
760000 39.04
990000 70.71
4100000 143
1180000 69.84
1450000 79.28
2700000 76.31
3320000 176.07
3450000 131.97
2508000 77.21
4580000 157.03
1200000 52.01
2610000 123.41
2030000 112.12
2860000 119.97
1570000 76.17
1270000 57.14
900000 64.45
2550000 121.41
1020000 56.92
1140000 54.78
1690000 85.97
2288000 58.39
1650000 96.61
1138000 73.42
1690000 50.41
1628000 57.83
1680000 88.66
1860000 50.46
2765000 127.64
1820000 109.51
1785000 89.74
1500000 82
2260000 89.84
1398000 61.59
1040000 53.64
3865000 106.55
2340000 77.62
3399888 131.25
1900000 49
1800000 127.22
1150000 61.1
1160000 80.24
2700000 86.99
1800000 63.34
1205000 41.08
1920000 93.06
925000 49.93
1230000 54.44
2160000 77.34
930000 51.64
2300000 97.29
1385000 63.78
4300000 141.41
2575000 94.67
4260000 141.3
1280000 116.89
1100000 43.44
1480000 53.16
998000 66.19
2750000 140.28
1300000 46.92
2570000 105.79
2260000 92.49
1380000 60.01
2580000 95.3
970000 68.75
2365000 90.79
1950000 92.91
1200000 105.77
1580000 105.51
2050000 57.03
1640000 79.03
2600000 131.32
858000 57.41
980000 62.15
2930000 103.41
600000 39.44
1238000 47.47
620000 44.51
1490000 82.75
2250000 60.1
1055000 77.47
1560000 48.14
2880000 115.78
1055000 97.65
950000 38.92
1420000 56.78
2568000 88.66
1890000 72.54
2210000 54.57
1150000 37.66
1690000 106.97
1420000 80.33
645000 44.76
880000 90.97
1490000 84.3
1220000 63.09
1190000 58.55
2148000 85.18
1900000 126.37
1100000 76.79
3430000 93.04
2100000 72.25
3000000 150.37
1815000 75.99
950000 50.35
2330000 89.67
1050000 50.42
3600000 132.9
2870000 120.94
4000000 81.44
1038000 51.8
2250000 98.7
3630000 122.25
4480000 122.59
1500000 87.39
2290000 128.31
2280000 141.42
1422888 83.88
3360000 87.21
4200000 134.43
2480000 105.71
1500000 48.35
1759000 55.05
2080000 103.53
1770000 130.21
1390000 69.25
1695000 115.21
2100000 62.85
1570000 73.32
1505000 50.13
3180000 105.61
1180000 45.89
2090000 62.85
1423600 109.44
1000000 88.66
2570000 83.78
1670000 94.46
1730000 113.02
740000 48.62
360000 37.28
1240000 61.18
1375000 58.86
1500000 85.21
865000 50.39
2660000 78.26
4350000 202.19
978000 43.43
1482000 65.88
800000 50.2
1108000 64.63
1750000 67.57
1700000 98.42
1298000 49.49
580000 40.37
968000 52.9
1650000 130.37
1535000 116.36
1080000 66.73
985000 81.17
2530000 120.56
2280000 62.89
1060000 60.2
3950000 131.42
1100000 55.19
945000 79.84
1390000 95.65
1260000 55.39
2895000 78.65
1620000 140.06
2780000 82.25
1487000 80.26
780000 40.59
1130000 75.31
2510000 74.97
1445000 88.76
1238000 63.53
1950000 83.97
1138000 55.3
1850000 90.54
1317500 47.77
1000000 50.4
1980000 93.85
2180000 66.02
2080000 75.46
2820000 73.87
1065000 51.9
3520000 112.56
730000 52.96
1680000 71.87
150000 13.89
1375000 48.33
2530000 98.35
950000 31.21
1730000 70.65
2640000 76.83
3020000 139.89
1270000 59.04
870000 47.19
2460000 120.47
1975000 61.59
4920000 95.58
1990000 86.92
1600000 63.46
2830000 102.06
1480000 55.3
1520000 74.36
1470000 64.71
1910000 69.2
2850000 87.87
1135000 64.81
2330000 105.2
1020000 56.03
1010000 50.04
1360000 59.89
1810000 96.61
1000000 42.19
2390000 67.01
1900000 93.17
2680000 64.84
1395000 52.76
3780000 116.19
1460000 49.88
1060000 62.16
1305000 49.49
1760000 59.61
1700000 44.17
2828000 131.24
652000 39.59
1218000 82.39
3500000 100.2
1805000 63.67
3480000 126.14
1350000 76.94
1900000 69.46
1715000 53.37
3830000 103.34
1040000 90.88
2280000 76.51
765000 43.23
1045000 73.7
1185000 89.8
1550000 72.9
1710000 107.9
2440000 80.7
1560000 107.53
1115000 55.5
1800000 123.29
990000 92.69
2458000 148.97
1050000 57.49
2500000 133.62
940000 45.69
1560000 70.45
1680000 100.68
1038000 59.79
1286000 52.34
2830000 166.35
990000 36.64
1120000 48.39
1300000 90.66
2110000 104.67
1285000 55.98
3450000 138.29
1298000 49.49
2460000 89.67
1400000 77.71
2325000 162.59
1870000 69.47
1450000 67.31
2050000 126.18
1460000 74.01
1530000 99.02
1400000 71.05
1320000 61.35
1350000 58.99
2840000 106.19
1400000 49.14
2300000 100.31
1190000 49.72
1955000 67.39
1730000 106.02
2450000 17.54
5580000 176.32
1985000 73.23
2260000 122.04
2269000 128.31
1340000 56.98
7000000 162.79
1480000 64.54
1090000 43.57
4200000 127.96
2588000 94.54
2025000 135.16
1080000 66.52
1820000 69.27
1590000 78.02
1780000 72.64
1760000 67.87
1795800 50.47
1200000 74.98
1570000 72.38
3090000 143.79
2070000 79.14
1190000 60.6
770000 37.03
1350000 61.08
890000 47.83
1066000 52.65
1210000 63.49
2100000 125.63
1450000 91.9
3880000 136.93
1230000 71.27
640000 37.06
1450000 116.43
1880000 76.8
1715000 75.52
3450000 136.5
2880000 181.48
1360000 60.64
1650000 62.66
2300000 155.66
1200000 55.8
2750000 66.7
1150000 77.17
2080000 100.43
818000 40.31
1210000 109.45
1268000 54.52
4170000 119.87
2965000 107.09
920000 49.67
2470000 116.17
2350000 64.93
3380000 106.2
1950000 135.57
1480000 70.72
1720000 78.07
2780000 128.03
2000000 57.84
1028000 80.41
1860000 93.96
1605000 73.93
1900000 47.31
2400000 125.57
1020000 65.59
2100000 101.3
1317000 68.5
640000 39.14
4150000 166.96
1210000 60.7
2190000 72.27
1730000 72.54
1220000 88.06
1839000 79.22
2970000 113.3
1256000 92.55
2250000 57.54
3520000 93.28
965000 61.3
1418000 72.54
795000 53.5
3625000 94.85
1700000 51.32
3040000 86.28
1550000 50.27
2800000 104.52
960000 60.22
388000 30.71
1256000 76.58
1615000 50.1
1238000 136.88
620000 37.37
2220000 93
1840000 46
1620000 67.87
757000 44.9
1160000 63.65
1100000 59.43
1980000 49.47
1478000 95.43
3400000 91
3570000 92.31
3468000 87.61
3383000 131.02
2438000 76.88
2170000 45.7
1145000 63.19
2128000 63.88
1880000 114.45
1150000 51.29
1228000 58.71
2730000 119.53
2800000 154.24
2250000 82.2
3740000 137.32
1210000 54.6
2100000 92.61
1340000 47.77
2560000 104.2
1225000 65.72
2250000 59.72
740000 38.5
2250000 88.82
1810000 91.74
4610000 124.03
1870000 69.96
1380000 51.02
1320000 37.21
2660000 75.36
2085000 88.58
1780000 94.33
1950000 45.41
2940000 99.61
4630000 179.01
1230000 72.11
995000 55.94
1735000 50.42
3560000 117.03
3000000 158.71
2710000 112.47
1315000 64.18
1770000 87.34
1200000 45.07
1030000 54.42
620000 37.66
4400000 199.31
3200000 91.29
850000 49.2
1620000 61.82
4450000 178.32
990000 80.41
1980000 71.21
1180000 136.54
1480000 64.19
2200000 60.64
1200000 87.96
965000 56.99
2950000 123.26
1570000 85.44
2000000 64.67
2100000 90.55
1307000 70.09
1550000 94.19
1570000 67.85
1750000 115.42
1030000 64.89
3780000 85.96
1070000 73.88
4650000 236.14
2084000 68.17
1500000 58.95
2400000 89.86
2250000 83.24
690000 41.86
2350000 84.63
2620000 75.13
930000 49.84
2000000 60.52
855000 43.45
3911000 146.62
845000 45.21
2640000 95.18
2250000 72.5
1948000 81.83
2850000 102.79
900000 48.36
1360000 62.7
2150000 66.94
3230000 110.68
1200000 106.26
1750000 82.49
3328000 108.17
2510000 89.43
2130000 79.14
1150000 62.81
2010000 90.02
1830000 54.56
2580000 88.81
2350000 99.76
1650000 81.33
1100000 65.67
1692000 65.16
2140000 68.39
1725000 85.76
1850000 55.05
2071800 88.54
2550000 101.69
4970000 126.88
2890000 82.23
2200000 93.66
1600000 62.54
1420000 79.4
1300000 63.76
2250000 84.45
930000 93.65
1670000 63.19
1355000 95.29
1510000 52.43
4170000 164.51
1800000 82.88
1572000 122.66
1100000 57.33
1930000 157.58
1070000 63.23
1050000 54.01
1355000 75.99
1150000 122.22
1495000 54.29
1630000 70.36
2016000 131.19
2070000 72.12
1200000 44.83
1370000 49.14
2382000 145.38
2520000 78.84
1610000 92.72
2680000 89.22
2045000 104.73
1890000 94.6
1820000 64.76
2598000 125.33
850000 61.16
3300000 207.97
1300000 77.1
2190000 113.38
3300000 95.83
2615000 103.33
1280000 93.11
1720000 58.31
1835000 63.53
1820000 90.87
1165000 65.23
1350000 73.08
1240000 75.5
910000 49.21
1750000 51.61
1170000 67.95
3290000 136.13
1610000 67.14
2260000 46.81
2360000 71.31
1890000 89.34
1135000 65.66
1580000 75.83
2320000 90.95
1750000 80.35
2880000 97.3
789000 46.15
1570000 79.57
1748000 105.51
668000 51.29
2680000 121.99
3250000 96.52
2470000 89.78
2010000 120.73
1930000 92.61
2300000 110.55
2300000 87.54
1450000 78.73
1550000 62.78
1700000 69.02
1083000 73.17
1450000 70.53
945000 66.13
1680000 63.33
1430000 83.8
2188000 86.72
2030000 55.47
2280000 66.83
700000 47.6
1635000 83.32
1270000 74.53
645000 36.37
1254000 49.49
1370000 75.35
1713000 112.79
2480000 73.45
3150000 125.81
1370000 126.05
1340000 56.08
1470000 67.08
1780000 152.71
1810000 51.01
3460000 92.95
1350000 53.49
3500000 131.49
1570000 61.3
1815000 135.88
1990000 88.45
2135000 79.14
3410000 89.22
1980000 50.47
1575000 79.41
1050000 54.95
4350000 132.64
1976000 80.82
1745000 64.65
900000 57.42
1920000 53.78
1400000 42.88
1212000 84.36
1480000 65.94
1240000 67.37
1816000 127.63
1950000 59.72
2600000 83.7
3260000 95.37
2860000 112.96
2080000 77.1
2380000 109.83
2850000 101.03
1260000 47.41
2100000 114.11
1280000 74.08
1730000 105.89
1700000 60.63
1980000 72.18
1630000 62.65
2990000 77.61
1148000 53.42
1498000 84.84
2100000 131.62
1300000 55.31
816000 48.64
3300000 116.53
2160000 87.01
1660000 93.75
7328000 226.62
1720000 91.16
1600000 75.54
1400000 53.76
2300000 151.36
2410000 152.93
1180000 72.33
2800000 157.75
680000 49.68
2470000 112.66
1086000 66.61
2050000 52.66
1190000 69.27
1350000 69.36
2780000 106.88
1900000 63.58
1245000 75.12
1345000 41.91
750000 45.32
3830000 141.47
3100000 119.44
1600000 59.29
2498000 94.46
3070000 145.06
950000 57.84
2000000 84.86
1885000 82.1
2100000 113.01
2360000 83.49
890000 55.08
440000 48.43
4450000 143.46
1660000 77.92
980000 67.24
1875000 106.45
6590000 262.03
5400000 151.81
2220000 100.13
1250000 50.18
838000 52.28
1565000 63.38
828000 50.02
2320000 88.05
1044000 92.14
2600000 141.38
4200000 117.71
1600000 111.76
2600000 82.36
1100000 39.22
520000 37.57
1650000 87.07
5080000 136.69
3500000 117.05
2650000 118.72
2250000 83.24
2200000 78.87
1030000 72.33
2700000 75.89
3230000 105.29
2320000 107.18
900000 54.05
3500000 108.35
1350000 61.64
2770000 131.68
1600000 64.25
4320000 132.36
710000 37.2
3600000 128.12
1940000 56.33
895000 42.85
955000 86.74
1050000 64.39
2430000 110.76
1090000 63.66
1470000 60.95
1195000 69.25
1290000 68.5
3460000 116.85
1180000 71.04
1240000 105.4
1000010 63.17
2185000 47.58
1060000 60.51
1880000 75.6
4200000 194.45
2770000 85.36
900000 87.38
958000 62.44
2190000 93.53
960000 61.35
1750000 90.2
1090000 43.57
1030000 36.78
2880000 76.97
1520000 72.88
1985000 92.14
1445000 56.48
2670000 86.82
1710000 63.25
1135000 67.96
910000 57.67
2000000 99.25
1000000 60.95
940000 49.06
1380000 73.31
1460000 56.2
2135000 119.26
810000 57.32
1500000 56.78
1720000 69.37
1520000 95.83
1360000 76.91
1880000 88.4
1660000 112.79
1630000 94.74
820000 51.99
1098000 91.03
1410000 57.64
1715000 48.95
620000 39.16
2698000 78.56
1250000 63.61
1586000 65.15
1840000 64.65
2800000 166.45
880000 37.69
3220000 124.98
2130000 79.14
1725000 62.89
1520000 123.06
2080000 77.82
2580000 104.18
1350000 56.08
2935000 87.58
585000 48.54
2830000 117.85
900000 44.11
3785000 135.02
910000 57.67
1510000 78.95
6280000 272.43
1575000 48.95
1470000 38.76
1200000 62.9
1549000 127.51
2060000 98.49
1235000 89.9
1000000 59.85
2390000 80.07
1150000 59.76
3665000 118.12
1280000 49.49
915000 82.28
2685000 105.37
2735000 173.05
1100000 55.77
3720000 172.07
1450000 78.55
1350000 70.57
1550000 70.61
2008000 72.57
990000 88.51
1960000 98.35
735000 50.22
700000 46.93
4165000 120.07
1155000 68.17
2380000 78.14
1570000 74.37
2600000 109.15
2000000 149.15
1705000 68.14
1100000 65.89
2090000 100.82
1660000 81.81
1568000 50.82
2500000 110.92
3500000 78.81
2140000 65.32
4096000 146.62
1300000 49.49
1110000 116.82
1730000 137.76
1020000 90.93
2750000 121.41
2550000 89.06
950000 64.64
2220000 82.93
2190000 68.39
1930000 50.26
3600000 119.38
2830000 88.37
2220000 85.9
1070000 71.19
4600000 183.92
1380000 81.86
3720000 127.58
1307000 92.68
890000 62.3
2760000 68.46
1300000 79.69
2840000 138.38
1800000 91.8
4288000 231.85
3510000 144.95
2440000 78.02
2000000 84.38
935000 69.57
1165000 52.23
1300000 98.89
2850000 112.6
2000000 63.6
1650000 87.94
1150000 60.93
2300000 80.86
2660000 104.45
1070000 78.48
4800000 127.99
1175000 56.41
670000 51.29
1310000 88.61
2620000 114.24
1370000 143.37
2630000 102.44
2850000 73.66
4630000 139.55
1650000 101.21
2860000 97.17
2022000 62.12
1330000 90.67
1150000 65.05
2050000 95.85
1570000 88.99
900000 42.74
1420000 81.67
3820000 131.29
1300000 78.6
3810000 172.61
2150000 88.03
1305000 62.31
1080000 90.29
850000 46.4
3499000 123.93
3220000 118.26
1680000 68.18
1200000 91.46
1155000 71.69
3040000 114.69
1710000 62.45
1820000 92.54
1950000 87.11
1960000 94.9
2660000 79.79
1450000 103.42
1088000 51.15
1780000 69.01
2538000 257.15
2916000 88.15
1795000 92.16
1220000 76.01
3090000 122.22
2135000 109.8
1910000 134.1
472000 29.24
3400000 116.58
1960000 80.09
1470000 84.3
1030000 57.52
3900000 148.22
1425000 81.31
960000 64.11
1490000 80.22
1180000 80.24
580000 48.54
1875000 167.88
1295000 64.75
2220000 62.47
1500000 109.51
830000 53.38
1420000 61.43
4180000 103.89
2980000 99.1
2480000 76.95
1280000 80.09
1220000 54.19
3050000 110.51
1460000 84.34
1800000 61.72
3108000 88.15
2240000 87.34
1420000 67.24
910000 60.35
1350000 63.74
835000 53.35
1510000 84.25
1180000 49.25
1370000 84.07
1650000 84.84
1550000 70.33
3380000 109.53
1420000 77.64
1580000 118.23
880000 58.35
1380000 76.75
1700000 70.39
940000 58.87
1670000 70.69
1800000 59.77
3630000 120.07
742000 44.77
1250000 52.58
1080000 60.11
2270000 86.33
2460000 118.09
1770000 84.61
2100000 67.92
1700000 90.48
1260000 89.74
3350000 124.04
2650000 115.84
1090000 59.01
1030000 84.49
2128000 104.29
2245000 76.61
2910000 126.99
2180000 72.99
1140000 103.08
880000 53.44
980000 58.04
3950000 101.6
2098000 85.99
1970000 65.33
1720000 58.33
1200000 76.18
3550000 99.18
2100000 150.83
3250000 115.05
2270000 86.33
375000 22.97
1580000 96.2
1660000 70.6
1320000 70.54
2170000 91.6
1100000 40.29
3960000 133.33
1800000 57.9
2195000 117.02
2100000 103.37
1605000 64.35
3210000 128
2970000 127.87
1795000 71.77
1615000 63.24
1690000 48.44
3240000 110.55
4300000 138.71
1330000 58.46
2035000 75.59
1250000 76.65
2870000 139.85
1300000 43.93
1140000 46.09
3510000 190.86
2290000 75.9
3050000 156.72
1640000 46.9
1630000 125.33
1300000 53.3
1140000 51.65
2750000 96.42
1250000 85.04
1810000 91.74
1445000 64.79
1730000 54.64
925000 63.13
680000 40.21
1360000 53.73
2330000 77.56
3000000 52.02
2050000 77.34
1358000 83.24
2650000 93.3
2085000 52.62
1500000 89.71
1320000 90.87
1160000 56
3200000 141.76
2050000 135.97
1600000 67.38
1085000 91.33
3120000 77.98
3450660 152.56
1310000 91.93
1828000 65.01
2120000 98.93
3930000 104.32
3750000 143.2
2000000 68.79
3500000 115.73
1085000 45.36
1500000 52.54
1100000 57.7
2320000 83.54
1350000 61.98
1780000 140.4
1180000 89.76
2270000 131.68
1500000 62.13
1040000 62.82
2260000 117.9
1530000 79.97
1190000 56.56
2515000 66.41
3000000 88.52
1770000 72.12
1540000 78.42
2775000 121.19
1200000 83.81
1550000 89.2
2040000 72.01
2046000 81.98
932000 52.77
1680000 73.44
882000 57.52
1350000 87.94
1226000 63.64
1278000 110.49
890000 72.98
975000 81.68
930000 86.03
2318000 61.13
2183000 116.23
1960000 95.02
1032000 59.12
2590000 61.16
2320000 83.01
1780000 82.69
2720000 94.05
945000 65.67
1820000 79.69
3700000 119.97
1880000 96.72
3750000 126.19
1560000 64.51
2140000 71.46
1270000 68.43
758000 45.5
2080000 115.72
1739800 97.73
2400000 105.48
2626000 122.55
470000 49.21
1660000 55.47
3450000 90.06
1750000 78.07
2150000 89.26
1450000 92.48
810000 49.55
2080000 92.45
2030000 127.81
880000 50.78
1255000 85.62
1772000 71.28
1155000 81.67
1650000 168.84
1500000 84.34
2400000 83.49
1710000 95.78
1100000 51.16
1585000 82.69
900000 52.1
1936000 85.72
2798000 90.22
2900000 112.6
2050000 94.09
2800000 95.58
2700000 89.87
1870000 43.78
830000 47.6
2245000 78.62
1690000 99.61
2780000 77.49
860000 58.67
1400000 65.2
1780000 60.18
1100000 83.77
900000 73.43
1000000 54.94
4720000 141.25
1450000 93.12
1238000 91.29
2276000 61.3
2920000 258.57
861000 46.07
1110000 71.69
690000 39.09
2850000 99.35
1339800 95.39
810000 41.34
2540000 127.46
1185000 41.61
2460000 61.48
1845000 79.71
2500800 62.73
1330000 90.59
4300000 137.55
2630000 60.18
3150000 115.66
1060000 51.45
700000 48.43
2800000 89.19
4220000 105.93
518000 39.06
1950000 61.28
3550000 171.49
885000 45.74
1180000 83.41
1096000 81.04
1280000 60.47
1450000 113.25
1070000 52.47
2880000 112.15
1990000 56.32
1140000 63.67
1355000 67.98
1170000 72.22
1680000 63.92
1000000 63.27
1246000 63.84
2410000 129.78
1795000 58.47
1005000 61.04
2682000 138.49
2700000 81.76
1200000 67.79
2088000 88.34
1430000 80.34
1450000 41.61
3150000 203.39
930000 58.63
1330000 80.47
930000 69.6
1240000 75.59
1040000 58.66
2350000 113.8
1440000 76.57
1800000 91.59
1725000 81.6
1700000 54.62
1480000 48.73
1300000 60.54
3750000 73.91
3070000 82.88
1055000 81.38
1448000 131.65
1800000 67.93
950000 54.5
3900000 147.22
1720000 127.4
3090000 143.56
2980000 115.64
2488000 94.28
2880000 140.65
3870000 151.59
3050000 139.05
1366000 77.14
1585000 79.57
3180000 90
3228000 125.56
1696000 50.3
1240000 64.8
1050000 48.32
2100000 75.46
3680000 93.28
740000 53.17
1870000 66.91
1668000 66.98
260000 13.23
1450000 83.15
1270000 87.6
1308000 67.44
3350000 143.57
3400000 153.75
1563000 76.89
770000 41.92
2075000 84.8
1040000 70.11
1288000 64.1
1120000 63.03
2645000 93.44
3850000 128.11
2758000 126.06
2520000 105.94
2260000 106.02
910000 45.23
1138000 81.34
1340000 101.63
2485000 61.02
3170000 110.3
1160000 89.24
1225000 86
1600000 90.18
650000 36.61
850000 44.65
1210000 61.92
1650000 111.29
3300000 86.39
2280000 56.82
2120000 72.07
1150000 54.18
2080000 65.32
1730000 80.61
1770000 70.64
1522000 101.89
1760000 120.48
1142000 52.4
2310000 89.43
1810000 77.9
1310000 79.03
1880000 72.55
1050000 65.16
2348000 62.64
1850000 76.48
2960000 231.75
980000 55.87
1220000 85.93
2250000 135.12
1450000 136.41
1550000 90.68
1595000 78.52
1365000 80.95
2938000 116.68
4960000 132.48
1450000 40.78
300000 13.23
2380000 118.28
1100000 64.97
2900000 129.67
1560000 98.84
2050000 92.13
2100000 80.73
1400000 60.75
1520000 102.26
2080000 140.3
2900000 85.23
1045000 43.89
2330000 55.12
1360000 61.25
1630000 75.98
2780000 85.33
1100000 58.91
1880000 72.3
1820000 110.01
3350000 76.84
1650000 61.32
2160000 86.83
1680000 65.15
1270000 64.02
785000 43.65
1610000 110.69
1300000 39.39
4090000 104.15
2600000 112.52
2780000 125.24
4438000 167.01
1365000 115.21
2500000 116.22
1266000 60.29
2280000 77.58
3050000 107.22
2840000 154.32
1145000 70.73
4400000 157.39
2130000 119.2
4400000 101.66
3760000 125.02
2280000 67.24
1300000 62.84
2430000 81.16
1220000 58.98
913000 31.72
887000 63.89
2450000 78.02
1120000 57.46
1356000 75.09
2300000 145.15
1075000 74.41
1490000 99.85
885000 60.2
2170000 43.77
1040000 86.3
592000 39.45
2800000 76.6
1175000 61.86
1980000 76.87
660000 51.59
1250000 74.75
1300000 120.15
1900000 93.56
2990000 98.68
1250000 86.06
2674000 119.66
1420000 63.88
2080000 67.92
1535000 85.92
820000 56.93
1260000 42.7
2535000 116.22
970000 56.54
1585000 62.7
2000000 148.3
1920000 66.64
2750000 88.55
2780000 91.69
1750000 53.13
2030000 68.93
800000 36.99
862000 45.88
1850000 188.26
2680000 87.83
1968000 52.82
1700000 60.85
4890000 161.93
2600000 103.41
1820000 72.6
1300000 67.92
1200000 59.5
2168000 72.96
950000 48.52
2088000 53.45
970000 41.42
2330000 75.81
1490000 87.36
400000 34.2
2890000 101.5
1380000 69.19
1430000 63.56
1585000 82.31
105000 13.53
2600000 61.02
3620000 135.55
1100000 50.64
1700000 82.42
1143000 64.48
1438000 83.34
1180000 54.92
1170000 58.25
1005000 71.25
2530000 74.51
1720000 144.99
5150000 138.44
1400000 49.33
2460000 61.39
875000 69.89
1090000 31.21
968000 92.41
1540000 51.83
1670000 119.66
1020000 47.28
2520000 105.94
2600000 122.71
870000 53.34
1350000 66.4
1328000 95.84
2330000 125.44
1400000 81.3
2980000 154.03
1280000 87.07
2110000 87.63
1720000 112.4
1100000 50.45
1730000 62.45
2950000 139.18
1930000 46.9
1975000 125.84
1400000 52.11
468000 30.19
1630000 88.74
465000 35
1300000 73.84
1576000 79.41
1210000 71.09
1100000 63.04
2740000 114.53
1060000 99.48
3700000 143.84
800000 61.15
2000000 38.11
1000000 52.71
990000 71.81
3130000 89.27
3900000 110.14
1525000 89.34
1420000 60.16
2110000 129.63
720000 45.89
943000 50
1775000 86.71
1220000 60.8
940000 47.1
2505000 74.89
1700000 81.3
1250000 45.64
2340000 110.41
2100000 70.56
1236000 66.91
1010000 75.36
1415000 69.79
745000 37.03
1260000 66.16
880000 58.17
5150000 148.63
1115000 51.51
876000 67.76
1600000 90.34
2150000 69.63
2680000 92.08
5800000 163.46
916000 60.01
750000 34.36
1495000 56.41
1420000 40.78
1608000 80.3
2033000 89.57
2250000 64.87
1270000 56.33
1110000 53.22
1548000 87.07
2060000 77.57
615000 43.07
1350000 47.78
5660000 142.45
5200000 202.71
1970000 67.88
800000 55.66
2300000 150.93
2625000 89.86
880000 54.41
2785000 87.01
2750000 94.33
1220000 62.04
1608000 96.9
770000 38.38
2385000 89.62
1900000 220.73
1950000 60.19
1850000 73.25
625000 49.26
1168000 70.19
4520000 145.46
1380000 78.83
1890000 106.97
1000000 58.91
1950000 93.8
1088000 60.35
1490000 84.34
1990000 41.37
2170000 73.17
2200000 110.92
2100000 73.46
1230000 93.56
2300000 79.08
1410000 69.81
2595000 96.58
1300000 64.35
620000 45.52
1510000 93.99
1635000 86.98
1135000 77.16
1600000 64.52
1730000 52.88
870000 52.4
478000 24.57
1350000 63.34
1125000 49.33
1398000 67.2
2400000 114.14
1130000 55.58
1475000 85.17
1370000 65.18
1470000 61.5
1350000 88.15
3120000 128.92
6100000 120.77
1620000 69.27
1265000 76.3
1770000 61.53
3650000 142.18
1415000 65.55
720000 47.38
1700000 122.65
1480000 88.6
720000 49.57
2650000 121.99
965000 86.85
3980000 161.78
1420000 96.24
1250000 104.45
1320000 46.38
1638000 79.44
1480000 77.64
4100000 124.24
1510000 73.49
660000 43.22
1950000 75.21
1025000 66.34
2070000 64.94
1680000 79.51
1128000 58.35
1170000 46.1
895000 85.33
1240000 82.9
2260000 120.35
900000 51.42
3500000 125
1697000 66.61
1880000 68.3
2750000 133.69
1465000 56.87
1510000 84.25
1120000 63.66
1155000 64.48
2150000 64.94
3670000 94.77
1426000 85.17
910000 56.92
2240000 90.64
990000 41.59
3060000 106.53
1320000 54
1290000 76.65
1170000 68
1060000 58.27
683000 43.07
2400000 69.04
1195000 79.1
5510000 125.57
1170000 93.35
2300000 88.23
2880000 97.45
978000 83.47
662000 39.97
3880000 124.45
1910000 63.2
1650000 76.96
1045000 91.12
830000 61.37
980000 61.3
1470000 82.51
1295000 77.93
1720000 70.72
758000 45.3
830000 43.08
1220000 44.7
1380000 60.55
1440000 77.65
1710000 138.03
2630000 90.69
900000 50.95
2650000 85.36
900000 43.04
1160000 62.5
1080000 43.46
2500000 97.88
3610000 155.92
1430000 49.02
1150000 53.58
2960000 105.81
4280000 233.72
1080000 63.73
2020000 78.74
1765000 83.08
605000 47.35
480000 32.68
965000 91.12
1120000 46.47
4198000 141
1150000 69.96
670000 40.15
2945000 108.18
1740000 50.17
1240000 58.61
2540000 72.48
1170000 53.41
4390000 132.04
900000 54
3050000 139.18
2050000 69.47
920000 49.05
1150000 64.44
1160000 88.72
1040000 41.94
2160000 88.99
1460000 73.13
1200000 72.72
1755000 129.72
2470000 88.24
2925000 91.69
1850000 98.94
1000000 61.05
3300000 142.54
4580000 165.88
2830000 134.29
1550000 119.28
2190000 80.84
1670000 83.14
2330000 93.42
1380000 56.81
2350000 88.66
1126000 62.86
1655000 71.22
2275000 96.34
1780000 54.11
1480000 60.16
2470000 163.44
1550000 71.29
1280000 76.3
1130000 67.96
2190000 131.95
830000 53.52
1420000 58.33
2400000 133.23
1750000 54.69
6150000 156.52
3360000 97.73
1648000 88.34
1299000 71.46
1200000 41.45
3200000 147.71
2995000 126.31
1063000 65.81
1040000 53.26
1540000 103.02
1480000 104.14
1145000 62.5
2730000 90.9
1610000 102.03
1920000 92.63
2880000 101.64
960000 48.41
850000 53.42
1385000 68.17
3850000 130.98
1610000 48.36
1500000 59.52
1420000 59.4
2052000 96.05
1650000 56.33
1870000 63.58
1690000 79.38
1278000 72.93
1340000 65.39
1190000 66.91
1500000 90.03
2445000 96.99
780000 40.69
1600000 69.79
1350000 86.07
1670000 110.25
1275000 61.14
2280000 56.67
1080000 68.6
2918000 70.81
1020000 66.34
3660000 115.73
3450000 142.56
1185000 75.49
1257000 60.96
3580000 94.12
886800 50.08
1860000 87.39
2390000 131.33
825000 57.87
1117000 63.89
2246000 87.08
4500000 149.72
1960000 125.17
1830000 63.62
1790000 62.68
950000 43.99
1220000 60.64
2020000 67.37
1000000 101.48
1123000 54.78
1370000 77.74
1146000 61.1
1508000 91.14
1970000 55.4
2100000 89.27
840000 57.72
2730000 88.53
1070000 125.45
2590000 101.36
1215000 50.75
2670000 88.81
2530000 74.83
5130000 122.32
970000 62.91
1575000 38.45
1639000 69.21
3450000 136.76
1160000 63.49
1010000 69.15
3230000 160.21
660000 36.84
2138000 85.93
2600000 60.34
1400000 77.5
3270000 87.78
1850000 63.53
1590000 114.5
2193000 62.96
898000 50.42
2500000 63.5
1300000 45.25
810000 78.71
1930000 101.05
600000 39.8
2120000 95.86
1500000 116.14
3800000 109.65
1705000 67.87
1940000 110.19
1400000 55.5
2168000 72.03
810000 67.23
2080000 130.93
1790000 64.96
1330000 76.54
1780000 50.17
1265000 106.68
1700000 105.51
1680000 55.03
1420000 116.92
2680000 150.57
920000 44.11
3600000 190.92
1400000 48.16
1140000 143.62
1410000 105.23
1180000 86.39
2435000 41.58
3400000 139.89
4100000 133.16
1220000 59.32
790000 47.44
1028000 50.5
1850000 86.51
1548000 92.74
1500000 56.08
1300000 47.03
790000 46.04
2470000 88.33
1590000 90.24
4200000 142.15
2365000 82.19
1148000 92.65
3569800 88.83
1200000 85.29
2500000 52.9
1938000 95.27
3800000 134.48
3350000 101.79
890000 52.78
1255000 81.63
2450000 90.31
860000 57.82
1225000 56.03
1060000 83.96
1580000 78.02
4970000 166.85
937000 42.28
700000 40.47
1460000 64.87
1740000 90.96
2700000 126.99
1000000 49.42
2300000 95.73
1090000 56.73
1160000 71.21
915000 66.63
1068000 49.94
1600000 78.49
1130000 59.08
1500000 82.8
930000 33.39
1376000 82.91
2510000 125.11
950000 66.63
720000 47.38
2400000 104.09
1550000 83.32
1290000 73.87
740000 41.08
2300000 45.57
1580000 76.94
1380000 74.04
1980000 76.48
2060000 88.68
1810000 93.26
1655000 93.19
2670000 71.02
3950000 99.99
1450000 37.21
2068000 63.6
2000000 90.41
1340000 77.93
1510000 61.48
2700000 108.16
1099600 51.16
2930000 120.63
1435000 81.44
2180000 94.97
1950000 92.53
1070000 60.08
1600000 78.52
1100000 60.61
1795000 93.86
1020000 65.45
1650000 102.65
1000000 89.27
1215000 47.66
2150000 65.33
1308000 79.23
2170000 124.15
1800000 92.15
2680000 96.09
1200000 82.49
800000 63.15
1480000 94.37
1240000 54.22
1215000 54.22
1990000 130.51
913800 59.97
950000 60.58
1288000 66.64
1470000 93.84
4100000 119.81
2850000 75.13
1119998 77.01
2880000 95.4
2280000 93.99
3980000 96.12
986000 52.76
1038000 52.02
1780000 60.2
1830000 74.97
820000 65.46
1000000 53.44
1090000 66.3
2000000 59.82
2580000 175.57
1970000 50.56
961800 49.04
1989000 130.91
1855000 92.07
960000 60.51
1800000 63.53
1120000 51.55
1250000 47.56
3560000 103.78
1830000 104.29
4200000 129.66
2065000 75.52
2440000 89.06
1750000 60.57
1600000 75.83
1030000 48.98
1050000 86.42
1095000 57.02
1450000 90.19
2820000 130.27
1780000 94.2
2200000 133.65
2150000 113.28
1880000 48.16
1805000 107.25
2600000 64.67
1050000 62.86
1050000 63.17
1870000 57.74
1330000 61.37
1320000 55.8
2050000 47.64
2580000 68.27
1755000 89.66
610000 47.12
2100000 130.05
4180000 140.1
1680000 83.14
3800000 136.93
1590000 93.42
1290000 77.73
1990000 45.53
1900000 61.24
1980000 77.05
1930000 128.2
1790000 65.15
2500000 78.14
640000 47.21
2880000 85.36
1750000 77.13
4265000 133.22
1035000 49.14
2248000 125.51
2260000 103
1700000 73.86
2130000 76.65
1770000 47.29
2610000 67.34
1870000 89.32
4200000 102.66
2977000 118.48
1290000 68.22
1639800 77.75
890000 53.5
2833000 136.44
1274000 83.63
1767000 67.44
4400000 115.25
1250000 80.42
1062000 52.93
1345000 57.02
1040000 89.22
1545000 133.47
1398000 66.92
711800 48.3
1310000 59.89
1600000 65.51
1590000 92.67
2030000 78.16
1200000 84.56
4080000 88.34
3070000 76.79
1050000 39.21
2045000 78.94
1100000 51.97
2170000 77.94
3820000 103.73
2620000 98.74
900000 43.1
1490000 64.2
2295000 65.46
855000 50.97
2690000 70.84
1365000 109.06
1925500 143.57
1507000 72.64
980000 81.64
2980000 127.46
2080000 103.13
1630000 68
1368000 69.07
570000 49.29
1270000 80.37
2060000 86.58
1380000 82.9
1700000 89.34
960000 49.72
1770000 78.74
1030000 61.71
1500000 113.47
1450000 88.48
1500000 62.97
965000 64.49
1630000 72.12
1005000 52.95
1765000 77.83
4050000 134.91
870000 69.76
1392000 97.61
1190000 45.36
1638000 44.33
1300000 87.53
2595000 77.96
2000000 93.12
1723000 83.32
3260000 94.89
3460000 100.35
1770000 44
2966000 136.72
912500 62.02
1800000 99.02
1720000 65.46
1030000 50.32
1800000 108.73
2460000 141.1
1835000 71.74
980000 90.75
1335000 54.95
1160000 51.14
1020000 86.46
1360000 89.13
1650000 71.04
1190000 76.76
1148000 79.73
1730000 55.72
1680000 113.84
3540000 139.05
2470000 99.23
1150000 58.22
1685000 119.09
1600000 61.9
1180000 84.08
800000 51.2
2180000 93.52
1950000 128.31
1740000 106.97
2138000 65.32
3080000 154.15
1250000 77.38
1425000 84.24
990000 50.88
1466000 95.62
3739000 137.28
1690000 78.06
2290000 168.21
905000 40.41
780000 41.01
1680000 82.65
2325000 95.06
3550000 90.67
970000 66.68
1660000 74.53
1370000 95.2
2280000 57.29
1030000 48.25
1240000 62.62
1230000 51.98
1035000 71.29
1255000 86.44
1395000 92.78
1440000 65.24
1670000 67.77
1600000 100.33
3320000 101.79
1460000 52.76
2160000 107.01
1970000 86.47
4250000 101.03
2000000 144.35
1696000 98.84
2960000 117.97
3045000 131.92
1235000 47.99
825000 48.3
1700000 87.79
1660000 111.68
1550000 122.62
1460000 51.61
1910000 85.96
1378000 66.78
1828000 80.04
3810000 96.86
2450000 218.38
1100000 53.83
2300000 84.19
2050000 69.46
1690000 79.51
1450000 69.79
2050000 96.91
1860000 93.81
1600000 64.22
2280000 63.48
2300000 128.86
4060000 151.06
1140000 63.82
1630000 95.72
1340000 71.73
660000 41.93
1340000 65.62
1138000 88.68
728000 49.14
1300000 70.19
5000000 125.02
1500000 51.58
2365000 81.2
1625000 96.67
2150000 56.31
4500000 202.42
1750000 79.42
1210000 68.2
1210000 51.53
2980000 148.33
1365000 61.81
2620000 134.22
990000 41.05
2250000 64.87
1870000 118.72
1360000 81.62
1209000 73.32
2030000 148.76
2380000 81.2
680000 51.1
1550000 56.08
1350000 41.72
1800000 88.68
1275000 64.19
1850000 78.22
1130000 61.27
1498000 86.45
832000 42.89
3000000 99.04
1435000 113.25
1028000 89.91
2330000 71.43
870000 53.61
1660000 68.15
1870000 63.83
3000000 75.5
1315000 56.28
1295000 54.08
2510000 95.07
1640000 114.28
2338000 70.71
1180000 62.49
2252800 108.08
3250000 113.67
2310000 91.93
2950000 122.55
3765000 131.29
900000 83.56
1198000 84.08
1050000 87.91
1450000 90.56
2010000 83.97
2810000 96.67
2450000 62.89
988000 59.29
827000 49.47
1900000 148.81
1060000 43.92
230000 14.31
820000 66.96
1200000 57.29
1525000 80.35
1220000 113.92
1370000 66.8
1690000 67.93
1300000 54.92
850000 46.34
2500000 62.53
730000 52.89
1300000 94.28
2438000 105.65
1438000 65.31
2800000 118.62
820000 50.41
3100000 108.98
1330000 62.27
1615000 99.13
1260000 67.93
1535000 99.04
1740000 50.18
990000 77.79
3000000 136.87
1900000 90.76
1090000 80.28
2320000 105.98
695000 37.17
2060000 88.68
2850000 140.21
1380000 76.14
1890000 119.16
1276000 59.81
1010000 65.63
2008000 132.6
1340000 70.53
1640000 77.94
950000 51.54
4080000 102.39
1669000 98.91
1170000 61.29
1500000 93.56
3580000 125.74
1330000 63.2
1280000 69.06
1050000 39.96
1450000 69.79
2600000 92.64
1639000 114.86
1044000 36.9
1600000 77.08
500000 13.32
2250000 133.65
2090000 93.31
740000 27.42
1223000 57.16
2275000 85.48
1630000 100.11
2570000 89.06
1920000 140.54
1020000 63.68
835000 56.43
1320000 79.9
2080000 61.69
1420000 56.31
750000 50.44
2790000 138.72
980000 50.16
2070000 69.13
1690000 92.17
1678000 106.06
1698000 101.13
1870000 91.92
1550000 53.47
1350000 60.03
2120000 98.49
1555000 94.51
1700000 80.3
1630000 104.77
2860000 86.99
510000 43.47
250000 1
1365000 117.47
3950000 136.64
2260000 98.61
1325000 60.41
1860000 98.89
2450000 109.56
1400000 68.5
1270000 55.94
1100000 44.28
1070000 51.57
1280000 53.06
1000000 54.38
1620000 78.07
940000 64.08
988000 68.13
1118000 89.91
1370000 60.5
2350000 147.28
1380000 78.26
1880000 70.89
870000 49.67
1626000 71.79
1860000 45.53
3490000 140.45
1220000 39.84
1316000 66.88
3410000 204.18
955000 43.8
1400000 60.23
2830000 126.99
1500000 53.37
1050000 83.08
780000 39.35
1410000 90.49
1400000 129.1
755000 52.63
1300000 76.58
2170000 157.33
1550000 77.55
1090000 55.78
1860000 102.95
980000 65.79
1890000 87.78
2850000 76.02
2680000 88.87
1030000 53.91
2900000 128.07
1430000 77.1
1390000 69.23
3100000 196.37
1290000 96.87
810000 60.15
1090000 64.45
1500000 62.7
1820000 57.79
1608000 55.66
3950000 143.64
1170000 61.7
1270000 50.89
1730000 138.7
2200000 94.8
750000 48.57
1000000 63.39
2750000 106.54
1138000 75.36
1069800 51.15
2420000 201.4
1460000 71.07
1838000 74.53
2050000 146.6
1035000 53.34
1260000 85.74
1200000 69.98
2440000 108.81
3060000 139.77
1270000 67.14
1280000 63.17
1440000 78.86
1405000 62.58
3100000 127.47
1920000 84.65
2050000 50.69
1100000 57.99
1355000 74.18
1865000 70.81
790000 43.73
2100000 106.39
1118000 94.08
1310000 53.62
1230000 64.45
1850000 89.01
5180000 135.62
2200000 94.63
1275000 41.74
1170000 54.74
3500000 134.71
1280000 85.64
2840000 88.78
900000 69.61
1100000 89.76
978000 77.97
520000 25.1
1460000 81.67
1500000 109.95
1918000 111.91
1615000 47.94
2580000 102.72
5380000 129.83
1430000 92.18
915000 80.23
2400000 62.66
1120000 63.49
1850000 131.04
3662000 173.47
2380000 109.54
2750000 78.02
657000 39.81
930000 43.21
3750000 95.83
1620000 94.24
2830000 156.14
1085000 79.44
1200000 92.06
1320000 61.35
1020000 88.83
1480000 83.28
1584000 93.43
2336000 81.03
2180000 125.38
1338000 90.97
1500000 85.92
1100000 64
3520000 104.21
1165000 63.57
2065000 132.08
1460000 118.63
2177000 43.86
1490000 58.41
1220000 82.35
1680000 94.76
3790000 144.95
1700000 92.46
1650000 77.63
2100000 63.53
1350000 77.15
820000 51.26
1250000 111.33
1038000 86.9
1670000 61.46
1980000 97.99
1350000 85.26
1100000 86.18
3000000 81.56
1920000 100.79
1880000 100.87
1455000 85.81
920000 69.27
3865000 118.29
2985000 86.4
1800000 94.52
1520000 117.13
4450000 120.5
1850000 75.33
1880000 84.97
1238000 66.91
775000 45.68
4750000 136.53
3520000 117.19
1600000 102.65
1150000 39.51
3000000 131.68
1505000 80.53
718000 50.56
2515000 113.92
2200000 63.64
3190000 133.53
1350000 85.17
2770000 85.36
1700000 111.6
940000 62.21
4650000 135.09
880000 47.86
888000 64.05
1460000 42.21
2600000 114.27
1100000 87.79
2520000 52.78
2860000 130.34
1230000 66.87
1440000 109.03
730000 54.74
1450000 64.96
1450000 87.35
1480000 67.51
1235000 64.43
1250000 54.92
3550000 102.65
1158000 92.12
930000 69.58
1080000 70.09
1295000 96.87
880000 48.61
3171200 127.26
1080000 62.11
820000 58.77
1450000 84.45
3500000 148.66
1382500 86.34
1185000 65.68
1150000 62.17
1200000 107.72
990000 83.58
1270000 58.29
3350000 184.59
3550000 113.14
1130000 88.84
1296000 65.93
1395000 88.57
2140000 127.42
2750000 120.13
1115000 57.7
4956000 142.43
620000 43.07
2400000 147.49
2200000 90.29
1573000 54.5
1570000 74.48
2600000 57.43
2490000 101.01
2065000 126.45
1160000 92.82
1238000 63.89
2250000 59.99
1670000 118.21
1700000 78.93
2750000 175.18
2420000 108.53
1200000 83.63
915000 40.53
1895000 78.56
1190000 55.93
2540000 131.52
3100000 90.31
2315000 58.34
275000 13.63
1640000 110.69
600000 39.46
950000 64.58
1780000 87.61
1960000 87.44
1695000 51.76
1060000 87.86
938000 57.73
1810000 79.64
2980000 108.56
1860000 118.02
1720000 57.79
1000000 47.83
2900000 110.27
1050000 65.06
2686000 107.78
1872000 94.58
2250000 95.24
1350000 77.06
1117000 54
1910000 72.87
2080000 43.78
1560000 110
2900000 90.15
970000 47.83
2190000 92.6
2100000 67.54
2420000 58.16
520000 43.67
1835000 99.16
3170000 128.25
1880000 58.81
2760000 126.06
1275000 49.02
1470000 84.06
2250000 69.04
920000 89.04
1965000 88.04
1860000 51.93
1500000 76.4
1138000 77.01
1000000 50.27
1430000 83.58
635000 45.9
4950000 124.41
1175000 74.76
1490000 71.28
2950000 136.3
3180000 114.05
1560000 64.51
1140000 61.03
1570000 75.69
1615000 94.83
1358000 63.75
880000 43.22
1400000 51.61
1230000 65
830000 51.66
1590000 103.48
2205000 101.15
2080000 98.7
1260000 85.88
1887000 110.85
1160000 95.29
1398000 86.04
1260000 52.62
1050000 40.41
2150000 59.76
880000 56.98
1000000 64.48
1870000 66.79
1475000 115.75
1130000 79.97
1900000 90.5
970000 41.73
1250000 70.35
1070000 65.83
1005000 64.18
1850000 90.75
1350000 80.73
1800000 58.31
1920000 71.8
1270000 64.8
1580000 129.34
1150000 81.04
1210000 82.08
1890000 95.24
1320000 49.68
1835000 109.55
2505000 101.56
1629300 125.37
1920000 107.6
1450000 76.47
782000 41.91
3340000 173.97
1280000 85.75
1248000 59.12
2770000 114.71
863000 66.13
2100000 45.55
1384000 59.71
1960000 131.68
2750000 75.36
1380000 79.96
3150000 149.28
1750000 55.24
1688000 98.89
2350000 68.99
1390000 115.21
1370000 36.63
1150000 41.94
1860000 71.84
1070000 58.83
1530000 101.7
1830000 107.34
2220000 52.32
2455000 61.3
1500000 73.98
2400000 53.18
1260000 74.9
1095000 50.29
3750000 169.95
1746000 62.77
1630000 131.89
2580000 81.2
890000 43.45
3250000 89.69
3225000 92.05
1035000 68.41
950000 57
990000 74.67
1650000 86.24
1335000 96.12
1180000 81.15
1750000 70.08
3500000 120.08
1250000 66.13
1870000 110.19
1120000 51.16
2160000 84.94
1565000 88.1
3080000 145.82
1100000 63.31
2176000 98.16
1418000 105.91
1290000 54.12
1330000 94.21
1730000 75.98
1785000 81.04
1600000 90.51
1030000 72.03
2850000 111.48
516000 25.68
2438000 70.96
1642000 110.08
1586000 62.04
1008000 81.41
2345000 67.43
6280000 208.18
740000 42.26
1455000 66.19
1120000 53.83
1645000 111.29
2630000 155.59
1770000 114.5
3590000 133.13
2580000 91.62
3440000 80.26
1500000 72.5
3010000 130.22
2785000 134.5
1700000 94.02
3300000 100.59
1360000 73.48
1640000 81.97
1605000 123.58
1060000 67.2
1678000 134.62
2100000 66.3
1280000 113.15
2520000 83.87
880000 60.4
600000 43.38
1700000 94.52
1300000 71.17
940000 51.63
5350000 131.37
810000 54.44
1398000 109.09
1933000 111.68
1020000 50.4
1610000 127.23
1070000 68.68
510000 44.13
4120000 226.18
1680000 123.48
1785000 82.61
1297000 86.39
950000 86.27
3000000 127.36
1530000 86.45
1480000 77.35
2310000 110.55
895000 47.79
3470000 91.12
1426000 94.54
1450000 80.42
1106000 64.44
1750000 93.52
1890000 68.3
707500 46.82
2680000 94.66
1920000 88.56
995000 52.14
1150000 81.72
2560000 84.09
2170000 46.9
2175000 98.32
935000 49.01
4100000 138.37
1130000 69.27
2590000 105.65
1567000 98.73
920000 56.39
745000 59.67
1915000 142.5
700000 37.71
1800000 82.34
3130000 78.56
1610000 79.57
1530000 48.42
1705000 99
2080000 56.33
2280000 137.65
1225000 103.08
1990000 107.8
2400000 81.03
1393800 67.69
610000 45.51
980000 57.02
1685000 73.07
930000 51.05
938000 41.79
1430000 62.77
508000 24.57
915000 49.65
2660000 91.62
1815000 80.68
1970000 86.49
1635000 74.97
1740000 51.92
1225000 76.53
1240000 85.97
1406800 119.39
520000 43.61
3040000 120.15
1123000 63.03
620000 45.25
638000 44.83
1642000 108.63
2070000 86.24
1270000 82.24
2130000 106.49
1980000 134.45
985000 51.3
1295000 93.52
2600000 65.94
900000 53.91
985000 85.14
3200000 160.32
1208000 44.47
1140000 73.7
1180000 65.59
1850000 98.75
710000 56.12
860000 49.71
1172000 66.03
1790000 86.95
1020000 74.2
1110000 60.38
1100000 59.81
2390000 122.82
3570000 85.66
1200600 60.49
943000 73.43
2290000 81.54
4210000 141.09
2550000 57.56
1250000 62.54
2200000 160.59
2870000 138.49
3940000 137.39
2330000 65.32
2060000 71.29
800000 53.65
2130000 45.42
1480000 83.88
630000 36.75
1345000 50.76
1100000 80.29
950000 82.27
2105000 82.25
1200000 67.83
1058000 103.21
1650000 127.91
660000 39.46
2050000 84.68
1380000 61.59
1730000 64.62
1500000 64.19
1300000 69.74
1260000 104.82
1760000 111.09
1380000 88.83
1550000 56.56
1050000 65.2
1820000 88.62
940000 87.67
2025000 66.4
1035000 51.72
2580000 109.31
1020000 51.87
2850000 134.56
1780000 129.48
1720000 94.72
1900000 71.66
1420000 93.49
3200000 130.5
1530000 83.84
700000 53.5
1445000 83.41
1220000 65.78
1400000 72.11
4350000 96.52
2890000 109.26
1350000 80.47
2030000 63.67
1700000 98.11
1440000 68.82
1720000 94.92
1075000 87.99
2790000 59.18
2450000 70.71
2549000 84.58
1207000 117.33
1080000 63.13
1415000 68.5
1360000 71.97
3390000 123.73
1350000 108.77
1380000 82.42
1830000 86.29
680000 37.29
1625000 70.51
930000 58.32
1240000 45.44
1420000 89.34
1520000 77.55
1600000 91.69
5000000 155.77
3250000 93.37
2868000 120.49
2000000 87.21
976000 90.64
2760000 113.06
1350000 86.08
1108000 85.19
1120000 43.74
1117000 92.14
1650000 90.49
1450000 63.56
2700000 62.95
2920000 71.19
2850000 133.13
3830000 96.69
2380000 94.78
1380000 82.42
1390000 84.77
3200000 137.66
1600000 136.48
1860000 103.53
1060000 54.56
895000 61.5
1700000 89.53
685000 50.03
2350000 117.64
1325000 87.46
4500000 161.78
1020000 60.97
1220000 64.76
930000 63.89
1280000 63.66
1539800 62.75
980000 83.72
2370000 47.58
1560000 60.56
5900000 151.81
3820000 92.98
1240000 63.79
1828000 67.76
1480000 163.53
1270000 95.23
1040000 60.14
980000 52.48
1050000 58.26
1428000 77.05
1090000 43.89
1300000 65.59
1485000 95.33
930000 67.6
1020000 69.58
1900000 127.23
1320000 85.64
950000 61.92
1976000 80.68
1800000 66.21
2780000 89.06
1250000 84.49
2660000 65.04
745000 37.06
680000 51.17
2070000 100.33
2850000 84.61
1720000 105.36
1825000 88.28
4750000 154.65
1650000 80.44
1518000 96.67
1260000 50.09
530000 47.28
2095000 73.76
1110000 51.11
4100000 143.7
2440280 119.1
1150000 66.41
1430000 92.01
2170000 213
1660000 110.19
868000 50.68
3320000 128.57
1385000 80.19
1800000 60.93
1950000 92.17
2160000 130.14
1205000 64.64
850000 44.26
810000 41.86
1590000 58.53
750000 47.74
715000 39.26
1000000 68.12
925000 54.8
1320000 101.35
2797000 73.83
913000 77.97
1710000 127.37
1046000 63.58
885000 47.86
1355000 83.97
1610000 88.88
2160000 49.76
2112000 63.15
1090000 63.3
1600000 96.65
1350000 100.56
1160000 55.47
1415000 103.42
1010000 57.56
1010000 41.05
2636000 59.72
1370000 70.36
3160000 192.8
1800000 137.69
1915000 70.64
1640000 63.24
2630000 62.89
1880000 115
1900000 57.76
2280000 69.1
1838000 98.6
1645000 122.95
1200000 71.3
2200000 65.32
1060000 43.88
1250000 74.04
2860000 99.62
2660000 89.06
1180000 64.81
1500000 79.52
2000000 63.37
2100000 73.74
2210000 46.19
1719000 89.75
2150000 139.73
2550000 72.11
3220000 100.66
1600000 72.81
2590000 72.48
1440000 96.69
2000000 90.96
1785000 94.01
1900000 74.88
1275000 53.45
1530000 130.55
1668000 86.38
2560000 118.54
1775000 95.66
2600000 64.69
2680000 133.54
1015000 69.03
1115000 70.07
1400000 74.29
3020000 115.8
1940000 128.37
520000 40.4
120000 12.96
1775000 116.72
625000 41.03
980000 88.81
520000 40.4
905000 57.13
2200000 43.86
1460000 121.23
1448000 49.46
2290000 78
1040000 51.65
1415000 86.39
2812000 87.85
1670000 111.68
1080000 91.09
1445000 67.83
905000 47.16
965000 84.16
1270000 78.54
5300000 122.76
1060000 40.99
980000 55.01
3950000 145.67
2480000 81.03
2250000 155.03
1215000 80.76
830000 50.32
1650000 111.93
990000 76.55
1160000 53.67
1380000 96.79
1950000 37.92
2050000 90.5
3500000 99.38
1300000 94.39
1950000 88.07
1150000 86.62
2430000 88.34
2680000 123.49
1350000 78.95
1100000 57.16
1980000 73.46
1980000 109.28
1500000 67.51
1900000 106.93
1200000 93.2
1150000 89.36
1528000 84.81
1710000 83.14
1058000 51.81
1040000 52.67
2700000 62.94
1615000 100.58
2730000 150.91
2200000 67.39
1190000 45.36
2420000 150.86
1150000 68.12
1350000 60.55
2168000 117.98
1190000 91.57
1553000 124.11
2630000 178.2
920000 53.35
3220000 98.46
1670000 58.05
2215000 106.13
1460000 53.3
1040000 50.43
840000 41.97
1180000 57.02
1820000 80.41
988000 67.21
750000 53.18
2770000 112.75
1190000 89.92
1100000 57.88
1380000 48.36
970000 40.7
1380000 57.5
1430000 75.4
910000 46.75
990000 81.76
1080000 96.94
2270000 131.65
1050000 51.65
1150000 85.79
2700000 74.06
1525000 70.97
3250000 73.4
1012000 50.75
1860000 145.85
3280000 78.44
1060000 83.98
1345000 56.68
2565000 125.8
1150000 43.92
480000 44.9
1100000 56.16
1210000 55.08
1460000 80.34
2010000 100.79
2300000 82.68
1412800 119.39
1216000 71.01
2540000 181.59
3780000 95.96
1790000 98.91
2160000 58.2
1555000 53.72
1200000 72.54
2330000 107.8
2800000 94.46
885000 42.99
975000 43.49
970000 59.88
980000 84.57
1200000 67.33
2850000 103.99
2050000 85.97
920000 50.69
812000 43.58
3850000 120.56
1630000 95.45
920000 47.69
2248000 64.9
1620000 101.3
1338000 62.85
970000 40.7
1900000 70.05
1900000 134.47
2700000 90.69
1410000 86.07
850000 33.85
2500000 75.89
1900000 102.7
2930000 131.52
1285000 84.17
1860000 105.86
3080000 232.49
960000 63.14
1360000 83.51
2150000 127.22
2545000 121.09
2738000 77.21
1750000 82.65
1760000 79.54
2100000 65.32
2100000 119.55
970000 54.62
1325000 60.16
1150000 71.38
1290000 60.47
1280000 78.54
1100000 66.91
1160000 68.52
1960000 162.81
1700000 64.58
1200000 60.3
1295000 57.35
3200000 109.28
1090000 69.74
2390000 138.01
890000 67.26
1102000 42.92
828000 47.64
2808000 93.31
3590000 125.86
1360000 84.07
3930000 137.03
1055000 69.84
1150000 53.45
2286000 85.48
1053000 61.74
1086000 90.61
1188000 54.2
1450000 83.54
2450000 89.9
1500000 45.02
1930000 55.62
4198000 267.88
2290000 56.05
1070000 66.48
1120000 82.78
2698000 100.51
975000 81.42
2340000 85.02
1330000 64.91
2395000 72.08
1218000 85.4
945000 80.23
1200000 52.78
2080000 86.51
4650000 178.05
1550000 55.23
1560000 99.74
2900000 132.19
1410000 82.21
1480000 70.89
2390000 126.32
1880000 88.45
2470000 81.03
1660000 65.14
3550000 173.05
3260000 83.83
600000 38.61
1208000 66.05
1950000 96.45
898000 63.49
1070000 64.6
1478000 69.42
1560000 84.84
1360000 72.09
2440000 123.41
1360000 78.12
1825000 88.78
1045000 93.8
1100000 80.3
1790000 84.45
1040000 90.07
2280000 147.88
1060000 64.64
1240000 77.37
1320000 59.8
1180000 144.17
1636000 73.15
1453000 105.91
1040000 63.47
1155000 69.74
1339800 78.55
2590000 118.55
2000000 63.58
1226000 68.85
2158000 130.07
1200000 60.06
680000 41.06
2050000 65.82
1370000 76.75
970000 32.65
3480000 105.15
2500000 89.81
730000 40.39
3380000 76.79
2380000 161.09
940000 72.81
823000 64.11
1520000 91.88
1395000 64.34
3080000 113.43
1206800 50.87
3600000 143.73
1216000 108.61
1070000 48.18
1738000 79.57
1200000 148.14
3550000 129.17
1000000 43.15
2090000 51.08
1980000 67.7
1880000 122.2
1900000 69.84
1140000 88.1
4390000 166.35
1600000 125.33
1120000 43.74
950000 69.18
2600000 91.62
1017000 55.69
990000 62.93
850000 46.78
1278000 69.22
2160000 130.3
1760000 125.78
2060000 120.26
1806000 86.64
1175000 82.96
5250000 141.47
1100000 82.62
2220000 158.88
1070000 66.72
1040000 67.82
750000 39.14
1528000 87.59
2828000 74.79
800000 53.3
1780000 96.88
1050000 90.61
1160000 59.61
1400000 77.65
1700000 104.46
1710000 127.23
1048000 99.11
2020000 111.87
1350000 63.1
1850000 94.08
1380000 59.95
3180000 95.58
2750000 123.29
1090000 90.79
1430000 71.79
1430000 67
1072000 51.17
1440000 94.8
1000000 47.83
1810000 114.21
460000 32.36
2480000 147.69
1080000 81
1066000 101.48
1620000 99.11
606000 35.18
2780000 106.15
2600000 106.68
1638000 95.6
1200000 134.16
2900000 131.41
1860000 77.42
1380000 116.81
1410000 141.47
928000 52.73
1110000 38.32
1140000 57.49
1390000 110.43
1650000 96.5
1070000 51.45
1810000 119.15
2420000 103.13
3500000 94.6
1263000 76.14
2360000 116.35
1330000 56.98
3340000 104.95
2800000 74.06
1915000 77.62
1010000 100.88
1950000 79.63
1352000 63.5
1450000 99.08
1280000 59.29
1476000 85.92
1185000 63.16
1458000 98.31
890000 55.39
2340000 62.47
2795000 68.39
1062000 92.07
722000 44.57
1500000 85.73
1420000 60.16
2038000 67.39
1520000 99.85
1400000 80.77
1570000 75.84
670000 45.25
950000 68.92
2025000 65.01
1380000 108.23
2080000 152.12
1530000 111.41
1180000 60.55
2670000 102.2
1290000 69.79
1073000 91.74
2020000 80.73
1108000 57.45
1413000 61.05
2850000 190.43
1200000 57.13
1226800 59.43
1028000 46.2
2688000 65.89
950000 45.69
1870000 92.18
3260000 123.44
1640000 67.79
895000 63.3
1780000 103.88
1075000 47.93
2250000 79.89
1980000 97.83
920000 49.14
2300000 133.62
3260000 150.5
1690000 68.42
1070000 63.22
1760000 52.76
1900000 83.97
1145000 44.16
1740000 98.45
1020000 55.87
1290000 65.96
2160000 141.58
1410000 77.64
2550000 162.81
3420000 95.51
2050000 101.28
900000 46.22
835000 60.12
3000000 120.17
1820000 71.74
4350000 139.2
1676000 76.85
930000 63.05
1800000 193.95
715000 39.35
2500000 97.18
1690000 65.88
1670000 89.45
3450000 86.93
5100000 172.52
1440000 73.64
900000 84.4
1959000 109.02
1160000 63
3615000 202.38
3316500 85.77
1280000 56.27
685000 45.25
1250000 75.25
1070000 42.92
5180000 199.12
1240000 49.95
1085000 87.71
990000 86.88
1215000 63.25
2008000 119.05
2120000 66.32
900000 43.16
1120000 58.65
1750000 84.84
800000 55.32
2330000 88.66
1240000 77.12
670000 38.8
3480000 118.63
1500000 79.34
1870000 107.34
1920000 95.07
1850000 71.36
4360000 103.27
1535000 87.64
1178000 87.12
840000 52.59
1150000 48.3
1350000 60.78
2380000 69.01
3790000 169.04
1450000 90.12
1200000 76.35
2860000 94.59
1238000 83.41
1850000 95.62
1630000 109.09
1300000 128.52
1480000 86.89
1930000 128.77
1360000 85.19
1230000 127.2
600000 45.52
3318000 119.58
1090000 63.82
1095000 44.42
1100000 98.58
1820000 141.2
1520000 71.34
1090000 87.67
2980000 109.93
1540000 112.17
1090000 56.51
2800000 126.79
1960000 43.84
2040000 73.08
1420000 84.85
4100000 110.47
840000 49.41
680000 69.46
1055000 85.21
1125000 66.54
960000 80.21
1010000 88.91
2800000 78.17
3580000 147.16
4780000 134.91
2280000 159.2
3120000 141.41
1330000 83.63
3200000 151.15
1160000 62.28
2330000 108.93
1285000 73.05
3615000 160.21
1650000 82.22
1560000 65.09
635000 40
2627000 72.25
1000000 66.77
1550000 45.37
1070000 68.01
890000 67.59
1145000 44.07
5435000 178.81
1422000 88.42
3700000 89.65
3000000 142.5
1240000 41.46
1580000 81.67
1650000 88.07
1960000 86.13
2138000 150.58
1500000 68.06
1230000 109.12
935000 62.92
1800000 131.53
1210000 71.91
965000 88.64
2139000 114.66
2250000 66.02
1180000 89.15
1183000 69.49
1155000 65.46
1819000 87.15
1098000 62.05
1430000 93.84
1231000 61.4
4300000 140.06
1580000 93.02
1300000 57.16
880000 69.62
4050000 150.56
4850000 167.39
1580000 107.09
3588000 139.3
1568000 57.42
1345000 89.86
2650000 81.76
613000 43.05
880000 57.69
978000 54
1535000 104.57
1880000 90.68
1020000 68.96
1594000 89.55
1758000 93.33
3660000 249.48
2400000 95
3700000 142.88
3780000 78.67
2560000 166.37
5000000 173.95
690000 42.5
1700000 123.08
2920000 78.18
868000 48.78
1470000 70.05
1948000 81.06
3550000 213.96
1870000 88.82
960000 60.95
1350000 58.67
910800 49.9
2105000 103.66
1022000 85.68
1150000 75.78
1140000 51.16
2310000 88.21
2850000 126.06
1320000 87.39
1260000 77.4
2120000 133.02
1790000 107.25
1200000 60.74
1270000 54.73
1218000 66.88
400000 38.19
2070000 113.91
840000 51.2
1640000 115
1180000 60.54
3350000 112.72
500000 37.83
1095000 84.31
1030000 84.16
1020000 66.66
997000 48.81
1155000 63.51
1275000 88.05
2365000 62.46
2000000 103.64
2600000 191.92
7460000 165.78
1000000 47.83
3060000 138.63
2440000 88.45
3080000 126.66
1930000 64.82
3525000 139.42
1320000 89.72
2460000 37.77
680000 44.83
2960000 145.85
1920000 122.84
2680000 111.72
1780000 127.17
1498000 88.69
1450000 70.43
1340000 59.64
2930000 150.54
1550000 69.98
800000 71.34
1320000 49.84
1540000 132.11
1480000 90.56
1485000 96.48
890000 40.91
4330000 119.62
1155000 52.77
1180000 59.71
2256000 149.2
2140000 106.63
2900000 65.73
1245000 61.62
1180000 74.46
1230000 72.35
1185000 88.83
766000 51.77
1242000 64.14
4870000 126.22
1800000 86.09
1590000 95.35
1650000 86.49
1000000 62.85
1155000 75.87
2270000 93.09
1600000 143.75
1270000 69.04
600000 43.34
1030000 51.22
1430000 63.34
1240000 91.33
920000 51.6
2200000 130.76
718000 49.06
1818000 145.36
2015000 85.88
680000 45
1740000 137.97
1540000 92.56
1185000 66.41
1795000 98.09
1240000 54.15
2100000 111.67
1800000 91.92
1670000 99.02
2775000 120.6
950000 56.63
2390000 159.73
2080000 95.82
1020000 48.31
2180000 114.22
1885000 127.32
1210000 74.11
1000000 69.04
1310000 86.57
2100000 95.24
1278000 96.3
1067000 62.83
1700000 90.11
3110000 110.93
1235000 53.2
1487800 64.5
6100000 132.61
1138000 93.51
2125000 63.75
1397000 65.61
1830000 127.89
700000 44.98
1850000 78.08
1600000 56.36
950000 55.13
1188000 122.22
2325000 50.26
1850000 66.79
1070000 58.84
895000 56.48
950000 42.1
1488000 62.73
2430000 146.82
2020000 138.58
1950000 92.18
735000 36.62
1460000 74.69
760000 44.21
1320000 91.75
2480000 117.92
1380000 73.48
1628000 94.22
3245000 110.6
1090000 71
2750000 167.26
2100000 92.77
1760000 92.79
1460000 101.3
1545000 77.75
2680000 74.54
1020000 85.42
1720000 105.08
1030000 67.09
1568000 92.72
1420000 71.83
2700000 58.11
1200000 86.3
1190000 87.57
2960000 105.19
2108000 107.62
1590000 59.19
2290000 147.88
3389000 93.71
1000000 61.75
920000 49.89
2280000 88.03
1420000 116.83
2120000 63.69
1010000 56.74
980000 74.67
2595000 118.83
4330000 88.43
3570000 123.07
1570000 53.79
1100000 69.15
1340000 75.91
935000 52.03
3360000 112.5
1915000 88.93
1080000 70.1
900000 51.39
3150000 137.49
1050000 57.16
1220000 74.35
1248000 71.16
2390000 100.54
2780000 89.18
1460000 87.84
1638000 107.87
1500000 64.34
1460000 63.76
2930000 70.48
2180000 119.98
1375000 87.26
1620000 85.75
2439800 87.43
2750000 169.43
990000 94.38
1300000 119.62
950000 62.6
1470000 96.1
2485000 93.53
1145000 62.28
1430000 56.12
3160000 121.5
1500000 108.22
1520000 80.77
2030000 146.36
1790000 70.84
1050000 58.27
2220000 84.15
2760000 88.53
780000 64.35
810000 42.33
1080000 87.04
1432000 114.75
1515000 87.08
1940000 105.58
1820000 94.49
1415000 64.68
2168000 108.52
2030000 93.18
950000 61.69
870000 64.05
1640000 120.08
2480000 115.05
1050000 61.06
965000 62.69
950000 80.16
2100000 89.48
514800 35.91
1450000 77.04
1050000 90.02
868000 50.75
1600000 88.56
1800000 103.44
700000 31.56
1285000 49.5
1065000 79.75
720000 40.61
3000000 124.3
2520000 118.81
1080000 89.97
1450000 78.25
1540000 52.11
1350000 68.7
2640000 94.78
1130000 119.6
995000 55.85
580000 47.12
800000 63.65
1570000 60.46
3700000 148.66
1438000 59.4
3780000 134.96
4300000 134.99
1168000 69.3
1900000 99.74
2950000 156.56
1025000 56.63
1320000 76.62
2780000 168.38
5085000 149.72
2068000 145.07
1600000 67.47
1870000 145.91
1300000 154.02
2379000 61.57
1115000 58.03
1450000 59.8
1845000 61.12
990000 51.47
1010000 51.54
2060000 100.04
938000 78.81
1100000 38.13
1916000 106.08
1100000 35.92
1260000 64.29
1700000 107.8
2000000 51.36
1180000 50.5
1615000 84.24
630000 53.45
1310000 135.96
2340000 102.98
1135000 49.18
1530000 115.02
1180000 85.88
1260000 84.82
3570000 88.67
1570000 93.39
1369000 56.69
3490000 112.85
1920000 106.13
1525000 105.82
1050000 70.53
2600000 102.18
2980000 94.46
2490000 139.41
2446000 56.32
1200000 63.07
1200000 85.88
1860000 90.8
1540000 75.18
1120000 52.99
1330000 89.39
1196000 56.4
736500 50.8
3760000 124.64
1790000 94.11
1090000 53.72
1880000 124.24
2130000 153.98
1238000 66.88
2050000 99.67
1799000 62.52
2600000 60.47
1688000 53.96
3000000 118.49
1950000 79.36
2175000 74.61
1450000 113.92
2810000 67.34
1845000 65.14
830000 63.14
4300000 118.04
1380000 101.7
1640000 53.51
1600000 108.7
2180000 119.02
1980000 103.07
1150000 60.27
980000 58.11
2167000 142.58
1480000 104.32
2090000 98.15
2100000 63.91
1120000 64.95
1800000 99.02
2210000 86.33
1090000 54.68
4175000 250.08
3680000 128.27
1492000 87.46
1330000 77.2
2850000 130.92
2460000 94.87
1320000 90.35
1590000 64.88
1795000 125
1200000 92.75
1700000 111.18
1370000 63.14
1158000 70.05
1250000 40.88
1380000 83.55
770000 46.23
1370000 97
800000 44.65
1830000 77.78
1250000 50.31
1130000 51.11
1998000 69.46
720000 38.28
1326000 111.07
1245000 63.04
1040000 36.78
2530000 140.48
1250000 66.91
1730000 123.77
2900000 132
1670000 64.01
1500000 49.84
760000 49.27
1605000 126.82
1500000 83.01
1830000 83.14
1160000 77.2
698000 44.02
845000 65.08
1390000 50.18
3720000 123.35
1250000 52.44
1450000 81.59
1410000 96.87
1380000 59.71
1545000 129.03
1550000 71.63
1340000 82.04
1925000 98.8
2200000 101.78
2600000 114.18
1100000 86.63
2830000 61.46
1195000 84.68
2390000 118.96
3350000 149.28
2310000 99.94
3770000 131.08
1800000 79.44
1580000 106.5
1820000 99.46
1170000 81.99
1891000 98.17
1050000 51.55
1780000 100.04
5077000 144.47
2720000 68.62
2120000 81.12
2000000 98.89
1848000 98.73
1120000 91.72
5077000 144.47
800000 38.93
3110000 110.93
3300000 78.11
2290000 172.49
1260000 78.63
1820000 128.15
1590000 96.2
3800000 150.19
1210000 82.81
2780000 70.44
3420000 120.45
880000 63.41
2230000 67.37
1420000 56.33
1088000 68.83
2750000 93.53
3000000 94.05
1000000 83.59
1380000 57.26
1150000 53.77
970000 56.98
2050000 93.56
1050000 84.57
950000 54.85
1750000 100.83
1580000 90.31
2150000 92.84
1065000 60.02
1820000 127.11
2869800 129.15
865000 54.45
1600000 117.87
1220000 77.52
1730000 53.33
1480000 132.76
1180000 61.59
930000 42.62
1820000 85.18
1830000 84.65
1575000 90.66
2306000 92.85
1930000 98.03
1630000 84.3
1080000 89.7
1295000 50.85
1390000 50.49
1395000 89.85
1060000 54.78
2730000 58.16
1170000 85.27
1930000 83.97
2450000 72.94
1260000 133.49
698000 36.75
1556000 128.7
1530000 75.03
2770000 80.91
1158000 63.02
1488000 105.05
2690000 82.15
2280000 111.95
1715000 92.37
1460000 65.97
2650000 108.27
2380000 98.93
2248000 113.52
1790000 83.25
3880000 132.29
3000000 130.24
1038000 61.93
3480000 107.23
1800000 220.29
1450000 80.48
1830000 86.73
1300000 86.39
1880000 92.15
1470000 116.23
970000 42.74
980000 79.67
1895000 87.81
1068000 59.51
1880000 105.36
2490000 133.29
900000 37.24
1650000 72.31
1538000 82.97
2638000 159.29
2970000 66.72
3600000 142.81
3800000 137.47
1780000 106.87
1280000 122.08
950000 64.08
1270000 51.53
1850000 104.58
1020000 62.11
1760000 122.51
4150000 97.42
1540000 88.7
2130000 89.32
1750000 129.87
1068000 67.82
1380000 99.85
1300000 117.88
1375000 70.58
2300000 129.54
1962000 108.53
1880000 81.19
2430000 95.5
1445000 96.87
1460000 91.44
910000 33.85
1165000 63.54
1436000 89.15
1330000 85.4
1330000 56.98
380000 13.55
2700000 128.89
2660000 114.85
1630000 79.41
1200000 57.23
1070000 68.92
1180000 53.08
580000 36.55
1890000 58.5
1135000 70.84
1990000 91.25
2000000 67.89
2510000 91.04
1210000 65.39
1920000 95.5
1070000 66.66
1090000 63.5
1158000 38.89
1020000 63.77
2780000 144.55
2890000 133.37
1030000 43.99
2880000 118.91
990000 48.34
855000 53.15
1465000 65.45
1340000 68
670000 36.01
1530000 84.45
2040000 78.32
2350000 150.21
1350000 57.26
1380000 113.05
2810000 176.66
1660000 82.56
975000 56.51
1100000 65.07
1080000 50.56
1880000 99.61
788000 71.34
3490000 135.86
1600000 38.42
1610000 53.15
2300000 103.07
1545000 63.19
1168000 80.3
1078000 58.56
1930000 108.06
1080000 50.31
2260000 63.56
2375000 77.98
1120000 66.46
1490000 63.09
1380000 89.93
2680000 97
820000 51.27
2180000 62.49
1785000 77.45
1300000 67.73
1000000 85.87
3430000 157.06
1905000 101.13
920000 56.97
1720000 136.76
840000 69.89
995000 44.78
2810000 96.67
1125000 62.99
1335000 59.29
800000 46
1580000 81.8
2498000 75.5
1450000 76.18
1170000 81.99
3500000 141.31
1085000 51.94
1350000 58.53
726000 41.86
3300000 134.39
995000 61.4
2370000 106.76
1300000 93.34
1075000 45.64
1785000 61.35
1280000 62.28
3350000 65.97
220000 14.8
3300000 94.57
1440000 50.46
2520000 87.69
1880000 87.13
870000 49.3
1890000 97.95
1290000 74.65
1600000 64.56
1450000 79.87
2800000 199.13
1490000 53.84
1800000 127.36
1540000 51.65
2980000 56.06
2340000 118.26
2250000 94.64
1910000 108.93
1460000 107.1
510000 45.68
1370000 148.82
1325000 70.96
1680000 98.54
1180000 68.06
1990000 112.64
4036000 129.85
1427000 123.21
619500 42.05
1790000 108.76
1570000 53.02
2548000 119.71
3030000 133.05
935000 56.55
1590000 65.45
1550000 68.8
1250000 79.99
1750000 123.22
3950000 117.21
910000 82.19
2000000 90.19
890000 53.33
2590000 63.94
1755000 80.22
1800000 62.58
1700000 75.55
4370000 146.14
950000 84.25
2000000 145.38
1450000 81.3
3245000 82.03
1550000 41.1
1400000 69.7
1560000 77.73
1215000 84.08
880000 41.48
1350000 71.04
990000 48.03
2380000 118
1242000 42.87
4750000 231.19
2100000 99.61
1120000 53.89
2380000 73.18
585000 43.77
1700000 58.69
1730000 92.64
2920000 60.08
2600000 100
790000 49.29
1655000 82.61
440000 30.19
2400000 190.36
1540000 86.88
1666800 47.76
1050000 52.46
1900000 86.26
1300000 131.72
2380000 158.44
900000 60.51
1290000 60.66
1240000 69.96
1380000 54.23
1508000 75.74
1430000 111.49
1120000 62.46
1760000 37.38
1510000 89.83
2050000 89.07
1520000 96.64
1120000 114.25
2440000 69.04
2300000 48.17
1590000 95.49
1780000 127.91
1725000 93
2770000 68.39
1290000 69.97
1600000 69.75
2268000 108.66
1245000 81
2050000 107.41
1580000 56.08
1560000 77.75
2068000 97.37
1160000 66.53
1610000 86.48
2895000 66.12
690000 68.1
1430000 47.97
1750000 60.23
1000000 51.64
670000 44.43
1390000 57.29
1600000 64.62
1110000 53.79
1354000 57.52
770000 52.02
2580000 85.12
2470000 107.52
1195000 47.16
1170000 133.27
1700000 98.84
2280000 74.29
1122000 69.49
3380000 77.21
1450000 118.49
1770000 137.82
2480000 69.42
830000 49.94
1988000 63.13
1018000 66.35
1048000 63.2
1750000 127.05
1390000 139
4450000 111.2
2480000 95
1900000 102.65
3000000 135.27
880000 53.59
1500000 92.74
1578000 111.25
1380000 95.61
2195000 111.93
1500000 57.5
2760000 115.24
4655000 135.42
2700000 200.01
1820000 78.88
1345000 83.55
1450000 87.05
980000 49.3
2380000 168.15
1465000 79.34
1396666 87.26
2540000 86.09
4820000 132.6
1095000 54.26
1395000 77.4
1430000 96.87
1150000 52.2
1500000 69.02
1680000 82.79
1125000 62.06
1245000 91.42
1560000 95.45
1080000 47.51
1060000 54.85
5250000 197.74
1140000 102.08
1086000 91.81
1330000 79.23
1080000 59.9
1750000 60.07
1045000 51.99
650000 48.89
1080000 66.3
2450000 92.3
2380000 96.09
2240000 68.94
1255000 64.83
1660000 84.3
870000 60.34
1750000 74.23
6350000 247.75
1050000 67.51
2550000 114.25
1845000 76.16
1460000 93.76
2850000 98.95
1850000 80.27
2192000 128.26
3750000 139.25
1220000 39.51
1240000 74.41
1350000 57.34
1220000 39.51
1830000 96.67
787000 50.83
2790000 61.44
1830000 68.52
1060000 51.04
1270000 78.63
1445000 84.45
990000 49.04
3750000 114.18
1850000 119.02
2500000 93.61
1220000 61.5
1050000 55.28
1735000 90.73
1550000 94.85
2280000 75.43
2430000 140.05
1680000 79.33
1820000 87.32
1956000 61.66
1700000 62.83
865000 61.08
1080000 72.53
710000 48.72
1325000 95.6
1930000 141.65
1040000 61.31
1550000 88.28
2100000 80.54
2498000 157.13
1340000 75.46
1475000 142.32
5500000 125.84
1270000 87.07
1850000 75.59
2250000 111.41
790000 48.8
1580000 70.26
1708000 68.39
1830000 125.33
2850000 124.99
2220000 82.24
718000 42.93
1363000 103.91
520000 40.91
1880000 87.68
1488000 81.29
2880000 80.55
2260000 59.72
2266000 64.9
1170000 58.55
2090000 108.4
1279000 83.69
1530000 141.42
1260000 60.22
768000 44.25
780000 50.66
1165000 64.44
2140000 99.18
1378000 72.62
1760000 65.63
1150000 61.21
1780000 120.72
1615000 83.47
1400000 91.2
1510000 87.16
1845000 101.19
103000 13.53
860000 65.34
2000000 79.2
2210000 157.42
6400000 116.12
1125000 66.3
2910000 150.91
1020000 52.2
2038000 84.84
1399000 60.48
1600000 93.42
1185000 50.45
2530000 159.53
1615000 83.18
5000000 132.3
1226000 67.63
1000000 84.95
2760000 70.71
2170000 95.72
2335000 124.34
1350000 89.58
3050000 98.54
1550000 79.32
2200000 192.69
1188000 85.46
1125000 46.06
1028000 37.83
929000 62.98
1775000 64.46
1058000 39.28
1763000 107.01
1100000 60.21
1838000 57.57
2380000 128.8
1090000 61.14
1820000 72.68
1905000 78.99
1825000 90.35
2560000 100.66
1360000 65.71
3450000 87.57
1738000 62.58
1258000 74.31
1600000 79.83
2095000 122.74
1720000 104.14
1840000 78.52
1114600 52.23
2395000 126.14
2825000 91.18
2423000 130.09
2780000 125.79
1538000 69.37
1230000 75.71
4560000 142.88
2450000 139.05
1268000 81.59
950000 51.06
1500000 68.19
1440000 46.24
1300000 85.76
1352000 78.93
1040000 82.83
1660000 86.73
1116000 68.23
1500000 88.7
2700000 99.57
1050000 42.24
1280000 43.34
580000 48.13
1530000 51.32
1050000 49.07
1700000 92.56
2030000 82.93
5650000 136.89
1898000 105.05
1000000 62.73
3400000 129.77
1588000 53.29
1488000 86.7
1340000 129.8
4100000 137.68
555000 37.93
1130000 47.28
3560000 140.33
1100000 63.96
2030000 83.11
990000 60.2
1100000 68.28
2180000 86.53
1340000 115.26
1350000 89.5
1470000 76.61
1350000 94.08
1510000 52.64
1560000 54.54
1660000 49.19
3800000 120.89
1460000 51.33
1210000 64.73
1550000 110.5
1350000 69.34
2738000 169.92
1780000 86.56
2150000 67.88
930000 52.3
1200000 103.08
1155000 53.26
1520000 85.17
1400000 60.32
1540000 59.71
2070000 112.01
680000 40.68
1560000 66.31
700000 40.7
1550000 113.17
1180000 66.46
1100000 55.52
1330000 65.89
1980000 111.51
1030000 105.74
1700000 86.91
1500000 85.92
2910000 66.83
860000 63.58
3280000 98.61
1730000 70.18
869800 45.73
2400000 71.99
1660000 90.13
1180000 93.35
1530000 80.53
1700000 119.54
2800000 107.21
915000 63.39
1226000 97.13
1435000 89.84
1125000 65.28
4250000 137.46
1080000 63.16
1600000 84.17
2000000 90.08
1210000 62.6
1660000 102.26
1680000 138.82
1780000 65.7
930000 75.02
1740000 88.62
1095000 52.05
1426000 74.61
2550000 173.13
1280000 61.08
685000 40.47
1430000 78.84
1195000 69.38
1350000 85.96
1850000 214.69
1698000 93.15
1220000 57.13
4050000 151.25
2100000 115.32
1070000 103.51
1699000 97.01
60000 13.33
1560000 63.35
2050000 57.94
3500000 95.14
1270000 69.56
1770000 60.23
3150000 178.15
3580000 104.18
1358000 66.57
1055000 63.76
920000 51.58
990000 46.05
1320000 119.96
1600000 92.14
1420000 89.26
1050000 46.34
1035000 49.14
1535000 82.82
1750000 86.49
2430000 108.03
1380000 75.13
1420000 83.63
1824000 80.3
1130000 54.5
1382000 111.33
1570000 117.15
2300000 79.76
2120000 89.59
1460000 56.08
1330000 51.99
910000 65.61
1376000 60.75
1750000 74.81
1650000 52
1820000 70.03
1900000 65.6
2077000 98.52
1620000 80.17
1514800 81.84
795000 54.23
2050000 87.23
1220000 68.06
1600000 78.58
1700000 64.02
1340000 76.81
650000 48.89
970000 56.59
2350000 99.05
1810000 129.84
1628000 86.7
970000 46.25
1600000 48.36
2050000 62.65
1080000 54.01
1340000 76.56
1380000 66.06
1905000 68.05
2370000 87.24
1100000 52.93
1568000 74.18
710000 42.63
1010000 62.2
1600000 78.01
1580000 67.41
1190000 74.29
1043000 53.26
1960000 85.23
2439900 107.07
1180000 76.21
1880000 78.08
1548000 75.64
1920000 98.96
1090000 66.34
3360000 119.14
2070000 85.13
1246000 78.56
800000 50.15
1470000 62.92
1120000 90.69
5530000 120.83
2100000 98.9
1000000 55.46
1300000 75.44
1430000 79.23
1650000 69.12
2390000 64.48
1330800 61.17
640000 40.15
2260000 127.37
1150000 65.03
2570000 88.06
2800000 168.67
1385000 62.41
1840000 80.92
3900000 144.08
2980000 129.87
1850000 95.34
1570000 105.86
1350000 63.61
1060000 71.52
2320000 65.14
1420000 105.87
888000 63.66
1105000 51.51
1865000 51.04
2670000 125.38
1200000 49.95
970000 59.88
3850000 230.97
918800 64.05
660000 57.66
1700000 59.64
5150000 112.12
2300000 115.18
1880000 122.29
1160000 84.52
2220000 118.88
2600000 94.2
3080000 141.09
1295000 74.39
1160000 64.52
1300000 54.43
1995000 83.32
2900000 105.61
1300000 60.85
1150000 83.69
2220000 161.55
2260000 128.09
888000 57.85
760000 54.83
1265000 61.19
2242000 65.32
2450000 113.72
1000000 61.91
1446800 86.61
2520000 101.78
2100000 61.89
1600000 73.55
1820000 81.31
970000 58.79
1420000 81.55
1100000 83.56
1130000 51.13
1360000 65.84
3530000 82.28
1900000 76.39
1700000 78.62
2890000 65.64
830000 53.7
1280000 94.14
2100000 105.98
1688000 90.41
1570000 79.23
1640000 86.39
1530000 56.73
920000 52.83
992000 61.13
3240000 75.77
2220000 159.42
1300000 91.29
1540000 82.17
1120000 60.88
1926600 75.59
1380000 75
820000 63.65
1045000 85.31
2260000 148.2
1470000 73.62
1380000 58.68
3050000 226.64
2450000 118.68
2190000 65.74
1850000 85.39
935000 50.15
2550000 127.04
2780000 91.48
1600000 99.81
4210000 100.91
3140000 73.31
2050000 87.62
4400000 153.61
1210000 61.47
1050000 50.34
2740000 130.74
1520000 108.22
2680000 72.08
730000 41.01
1640000 95.6
2000000 80
3250000 99.3
1145000 68
3280000 71.31
880000 92.18
845000 50.26
4200000 137.46
1140000 103.93
1700000 76.34
1820000 97.34
675000 44.79
4900000 143.85
1598000 67.11
1600000 63.24
1075000 63.22
2850000 160.03
1700000 60.74
2530000 93.95
1260000 69.61
1800000 98.61
1520000 85.01
2260000 96.8
2650000 149.12
1800000 98.84
973000 54.3
1460000 68.01
1235000 86.57
2550800 76.56
1320000 81.27
2180000 168.19
1310000 58.91
1170000 79.1
2230000 159.56
3190000 100.87
1730000 93.86
950000 66.82
4500000 136.16
600000 38.4
1290000 127.17
1038000 73.38
890000 47.63
1160000 75.28
1250000 60.94
1060000 41.87
590000 38.73
1478000 48.65
3050000 123.51
1645000 86.39
1120000 59.85
1600000 106.76
1900000 77.93
953000 50.18
3847000 127.32
2150000 101.79
1000000 62.59
730000 50.74
3240000 75.7
2180000 72.96
1720000 93.84
2150000 99.92
2370000 67.39
1250000 52.52
4000000 128.34
890000 73.01
1070000 55.75
1780000 78.12
1762000 48.36
1690000 52.88
760000 47.26
2335000 83.05
1600000 63.12
770000 46.33
2308000 67.39
1205000 62.8
1550000 123.04
1570000 113.16
1780000 77.49
3950000 122.74
1855000 48.45
2280000 92.62
2190000 95.37
3700000 141.38
1835000 130.07
2350000 80.35
2200000 105.8
1480000 79.48
1310000 72.95
1100000 83.72
685000 48.89
1285000 103.97
2200000 143.14
940000 68.92
3250000 149.64
1330000 53.17
850000 58.64
1930000 108.24
1550000 45.37
1850000 121.24
3050000 127.47
1700000 146.4
1448000 111.32
888000 49.62
1666000 75.25
1610000 50.81
1129000 67.86
1800000 81.24
2716000 76.35
600000 34.01
1370000 56.72
1330000 70.4
1150000 53.78
1080000 59.59
1160000 66.18
2380000 80.35
4110000 136.07
5350000 136.72
800000 54.33
1498000 92.68
1250000 54.53
1185000 65.21
2020000 77.95
1297000 62.37
1200000 84.36
500000 34.36
950000 56.98
1580000 30.45
1267000 97.84
1725000 87.44
490000 44.94
1250000 104.8
1770000 74.76
1980000 53.33
2950000 129.65
1630000 87.05
2447000 91.62
820000 37.37
880000 43.65
1205000 73.31
1470000 76.61
1950000 121.49
1200000 63.8
1300000 39.26
1996000 123.01
1190000 97.97
2760000 61.94
3880000 172.93
2400000 95.41
1070000 46.25
679000 38.32
1480000 107.72
2860000 75.21
1630000 90.52
1415000 57.46
1094000 69.97
2200000 113.11
1776000 98.31
748000 47.74
1248000 67.78
2230000 110.07
1540000 54.96
4050000 89.81
1270000 68.53
1700000 91.53
1480000 68.88
1545000 88.01
3250000 193.08
1440000 69.89
1100000 69.57
1325000 104.06
2045000 101.13
1180000 54.5
700000 37.59
1700000 90.49
1008000 59.72
1920000 67.12
2710000 55.06
1300000 89.98
1150000 51.92
940000 80.59
995000 64.64
1280000 49.51
1660000 80.28
1330000 68.27
2488000 59.62
800000 59.04
2380000 96.35
1068000 67.41
840000 56.33
5850000 147.36
4050000 117.21
1460000 65.9
1000000 94.02
2070000 90.13
2620000 77.15
1150000 52.54
1975000 89.32
2046000 89.69
1038000 59.38
3000000 132.18
920000 60
1650000 67.4
780000 37.18
900000 57.79
850000 54.32
1190000 43.39
1200000 89.39
1120000 63.37
780000 43.62
2180000 89
4600000 172.17
2950000 69.13
2180000 77.51
2400000 60.82
1135000 60.71
2470000 65.64
1380000 67.28
1520000 78.51
1918000 93.71
1680000 84.06
822000 39.94
2200000 66.57
1820000 109.56
1630000 66.97
1300000 73.66
1145000 53.66
850000 41.86
1690000 78.06
2080000 69.46
1130000 100.5
1380000 56.02
600000 45.51
1210000 142.98
950000 62.21
1360000 61.08
2690000 129.03
2216800 130.07
1800000 103.33
1090000 90.04
3880000 130.78
1256000 45.68
1480000 133.57
1460000 77.93
855000 44.52
1380000 50.46
1590000 39.81
785000 37.24
1316000 66.12
1770000 65.78
1650000 93.57
2850000 66.82
1898000 128.13
1130000 59.29
1660000 82.03
2030000 83.64
1300000 71.54
1575000 86.47
1558000 65.75
1590000 75.33
3750000 121.49
2180000 123.01
2200000 150.26
1350000 50.78
909000 56.2
1718000 96.63
3600000 94.6
1170000 69.58
2980000 100.86
760000 43.62
1080000 59.2
1280000 79.66
1550000 88.7
2576000 86.07
589000 43.47
1160000 83.72
2150000 111.95
1146000 47.08
1990000 92.86
1100000 84.57
2230000 125.96
2518000 161.86
2865000 66.25
1440000 52.29
510000 41.03
1330000 69.97
1595000 94.86
800000 39.93
2350000 94.71
1860000 48.28
930000 53.39
1190000 113.19
780000 45.08
2044000 69.46
1350000 76.46
1645000 57.7
1200000 52.84
1580000 94.86
2750000 74
2830000 155.32
1060000 53.37
1370000 62.49
2600000 94.48
1220000 112.04
1730000 78.57
490000 38.64
460000 30.24
1750000 65.35
1515000 125.17
1155000 64.45
1180000 59.52
1715000 92.17
1318000 86.43
1330000 53.45
2235000 92.96
3015000 146.65
675000 35.45
2970000 99.22
770000 35.7
2310000 88.06
2040000 61.16
1080000 56.98
1180000 86.87
2820000 70.71
1680000 90.19
1450000 62.75
1046000 69.61
1390000 131.33
1980000 89.47
1080000 43.05
720000 49.73
1620000 95.76
2128000 80.62
990000 70.1
938000 67.17
785000 37.06
2200000 100.81
4880000 104.79
1328000 71.91
1040200 54.56
3770000 137.67
2610000 79.78
1930000 60.57
840000 50.18
1790000 51.81
1880000 116.83
1520000 89.9
940000 60.45
850000 64.74
6950000 164.6
1860000 107.57
1970000 102.81
782000 42.16
2120000 99.19
1140000 73.7
1780000 85.28
1450000 68.1
2400000 94.55
2020000 93.43
1150000 65.48
1270000 90.65
2400000 172.25
1200000 55.86
1760000 93.71
1180000 44.47
1395000 52.44
1560000 70.91
1150000 74.95
1635000 74.95
990000 61.9
740000 50.62
790000 80.36
1350000 44.79
2180000 79.13
805000 47.32
880000 53.17
1660000 94.77
6900000 348.06
1220000 63.24
2170000 83.14
2180000 114.9
1850000 49.95
1370000 56.21
2050000 108.02
2920000 120.57
1800000 84.77
1520000 63.23
1235000 83.4
1840000 75.52
2330000 90.19
927000 74.2
880000 46.78
1020000 59.88
880000 56.44
2960000 110.21
749000 47.42
2300000 79
1630000 74.41
2020000 76.83
860000 50.84
1660000 127.78
1795000 81.84
1930000 95.3
820000 48.54
1250000 49.93
1115000 90.11
1700000 90.36
830000 52.27
1700000 116.68
1015000 44.13
720000 42.68
1170000 43.82
1630000 81.66
1650000 99.85
1450000 83.88
1250000 69.8
1545000 85.91
1440000 89.03
700000 39.04
2400000 91.95
1850000 54.06
820000 68.75
1600000 65.06
880000 50.49
1058000 64.64
1680000 111.32
2135000 92.36
1190000 63.4
2800000 90.19
2130000 110.07
906000 46.64
1400000 60.74
1350000 111.66
1050000 61.29
1025000 58.92
1340000 87.51
1538000 91
1380000 59.36
1260000 59.99
4500000 133.4
1525000 93.71
1200000 56.06
1610000 70.77
2630000 92.48
1360000 37.29
1310000 62.63
1845000 86.65
1860000 85.9
2998000 129.57
2520000 101.78
1200000 80.84
1660000 74.76
1060000 54.85
1320000 84.34
2280000 123.26
2340000 158.66
2550000 160.86
2360000 96.93
5600000 322.76
1290000 117.13
2960000 110.21
990000 51.9
1380000 46.47
1900000 93.69
1300000 60.92
1002000 39.27
1227000 56.1
1470000 76.33
1750000 76.16
2160000 103.64
1490000 49.51
1230000 115.52
2380000 131.04
2135800 146.08
1968000 73.15
2980000 87.01
1080000 59.48
1200000 88.63
3115000 89.06
1595000 89.55
1370000 55.31
1584000 70.93
5000000 117.86
2240000 83.14
1550000 77.37
1800000 62.77
1130000 84.16
3850000 124.29
2480000 112.77
1320000 81.21
4830000 132.11
4750000 165.67
1290000 79.03
1948000 98.88
698000 42.68
1230000 66.71
1080000 62.2
635000 50.74
2308000 67.39
4650000 135.11
1599000 64.97
1055000 62.34
1350000 128.14
1100000 68.62
950000 63.05
1480000 132.07
1300000 51.53
1450000 85.49
1245000 40.63
2150000 110.14
1300000 91.67
1300000 76.66
820000 42.66
3030000 111.78
1780000 77.17
1720000 105.06
1490000 57.26
1360000 53.57
1440000 70.09
1400000 117.32
2338000 51.32
2936000 66.37
2685000 148.6
1250000 64.43
1130000 56.72
1610000 63.28
1530000 49.68
1450000 89.7
730000 53.17
1580000 89.97
1550000 79.23
4380000 155.2
1914000 87.94
1265000 82.43
2240000 99.08
200000 13.66
1515000 92.24
868000 37.06
1540000 87.6
3050000 118.65
1300000 67.69
1590000 193.74
1000000 64.44
1435000 75.48
1200000 86.27
3900000 110.15
1350000 75.67
908000 59.72
2420000 77.46
1060000 63.82
3998000 120.9
1590000 95.42
2570000 131.5
1880000 116.83
1710000 83.51
2000000 105.65
1600000 90.56
2400000 76.8
895000 48.08
1260000 63.57
1200000 65.28
930000 50.83
1797000 131.48
1520000 88.69
1450000 76.93
990000 67.65
2130000 156.58
1680000 95.26
1010000 59.21
1170000 59.76
1780000 71.46
1200000 61.01
1309000 68.04
1790000 76.29
2188000 126.08
800000 57.58
3350000 126.06
2260000 75.21
2400000 59.47
1900000 101.22
2510000 54.03
2030000 193.34
1570000 83.99
585000 43.36
1775000 58.46
4200000 130.84
1695000 53.72
1858000 86.91
1785000 87.78
1050000 77.59
1300000 92.76
1180000 99.76
2120000 65.15
1880000 124.23
1450000 86.62
1820000 90.72
950000 59.96
1000000 50.93
1500000 88.69
1750000 83.62
920000 73.37
800000 50.4
935000 58.35
985000 61.59
1069800 84.17
1600000 66.45
1650000 84.48
760000 47.64
1630000 53.5
1620000 87.94
1070000 54.5
2938000 111.93
1730000 87.77
2320000 122.76
1320000 77.79
1218000 69.34
1290000 66.11
978000 61.39
1340000 69.56
2390000 49.6
940000 68.22
1340000 62.65
2830000 108.54
1478000 61.42
1900000 45.2
3500000 239.13
1035000 59.41
1508000 96.12
2850000 134.23
3100000 118.98
1345000 66.94
3038000 150.42
1248000 59.57
1548000 90.79
2760000 120.29
2330000 132.56
3760000 88.52
1140000 62.18
1300000 68.58
1150000 63.87
1300000 133.37
1100000 72.81
6180000 224.1
4060000 112.69
1150000 81.36
1080000 65.23
2730000 97.95
2535000 106.44
1620000 63.88
1640000 89.96
1570000 96.2
640000 44.83
1500000 86.39
2050000 93.42
960000 51.35
1380000 88.41
2400000 94.8
2010000 84.84
1605000 95.39
1830000 125.41
1040000 52.87
712800 41.2
1860000 85.43
2100000 71.55
1300000 50.45
955000 50.76
950000 48.76
1768000 119.06
1235000 63.05
2150000 125.21
1290000 90.61
1520000 83.09
1180000 46.06
1600000 113.29
1758000 73.47
1170000 65.26
1820000 92.54
2300000 118.47
2000000 75.79
3370000 106.51
3250000 99.3
1828000 82.22
1058000 68.23
1080000 63.76
1320000 89.84
1310000 92.68
1460000 87.03
1340000 53.8
1385000 66.4
985000 41.83
1698000 93.8
1259000 65.13
1550000 79.28
4080000 140.8
2270000 104.2
1680000 75.15
1160000 54.54
1560000 109.06
2260000 142
1000000 58.77
1995000 106.87
1680000 80.22
1050000 63.98
1038500 68.94
260000 29.48
1440000 64.35
1630000 65.83
820000 51.92
2300000 78.73
1160000 134.89
3290000 94.05
1300000 83.77
1080000 49.62
830000 52.36
1510000 97.29
2650000 124.44
1960000 61.24
1340000 78.14
1200000 56.72
1538000 72.82
2200000 77.92
3130000 151
1450000 58.57
1880000 79.1
3058000 180.91
1460000 80.09
1234000 71.99
1298000 45.47
1220000 82.81
1080000 60.88
1700000 91.98
1150000 60.06
2090000 143.14
1145000 57.65
1850000 64.51
3950000 123.86
1570000 73.83
1030000 56.62
1760000 117.87
3700000 114.44
3750000 132.73
1520000 68.09
1010000 53.77
1520000 74.04
620000 45.51
2395000 100.28
1660000 71.85
1430000 57.45
1528000 61.42
2980000 91.2
1035000 61.86
1350000 69.68
1050000 50.31
960000 50.21
1100000 65.44
1598000 81.52
1770000 75.59
2450000 133.14
1750000 72.23
960000 50.63
2200000 123.91
1570000 74.37
1080000 87.75
855000 60.19
1460000 41.23
1170000 89.07
2160000 145.27
2630000 61.66
1055000 53.31
1700000 72.64
1280000 91.31
1750000 67.52
1935000 53.19
1128000 64.44
1345000 64.71
1150000 77.43
4380000 135.03
2350000 91.01
2570000 98.58
1100000 54.99
1616000 80.81
1280000 64.54
950000 51.81
3838000 86.88
1419000 62.43
1330000 79.5
2410000 118.93
1470000 73.45
1098000 46.46
880000 48
840000 51.17
1900000 108.65
2100000 118.31
1598000 62.15
2380000 188.53
970000 63.4
2100000 140.55
1220000 67.83
2020000 107.35
2065000 89.91
1060000 70.88
1150000 66.52
1675000 88.07
1598000 60.97
950000 68.04
2240000 126.63
2600000 197.57
960000 63.76
3950000 188.78
1350000 60.76
4650000 104.84
1350000 68.75
2556000 82.24
670000 46.6
1660000 69.85
2400000 82.5
2530000 158.91
3110000 58.41
1175000 66.47
3130000 96.67
920000 52.62
1950000 52.01
2270000 81.59
830000 47.3
1040000 55.87
1355000 66.31
1968000 78.24
1060000 64.6
990000 59.47
1180000 64.35
1250000 75
1060000 60.98
2570000 122.31
985000 83.14
1350000 85.44
1090000 67.17
700000 45.51
2800000 106.61
1360000 64.42
1393800 65.16
1340000 49.06
980000 41.94
1780000 66.74
1150000 85.03
830000 48.54
1990000 92.34
2120000 75.87
3690000 75.07
2350000 73.18
749000 34.45
1740000 48.64
950000 63.76
1630000 65.26
1380000 42.9
1180000 62.02
1248000 68.23
3290000 111.68
1992800 91.46
900000 58.35
1490000 85.88
871000 44.98
2450000 90.63
1020000 58.43
3000000 85.72
1805000 84.81
2000000 56.25
1950000 45.2
2110000 91.76
1310000 87.8
1915000 77.51
1130000 60.88
1690000 99.7
1400000 54.73
2700000 119.24
2380000 47.58
1460000 106.06
2135000 89.92
680000 39.46
1590000 56.08
2530000 91.18
1800000 146.03
3300000 78.06
3010000 91.94
1160000 63.09
1325000 54.95
1525000 87.84
650000 45.52
1280000 63.44
1175000 70.4
840000 43.07
645000 43.77
1060000 66.98
1780000 87
3300000 109.99
1720000 86.04
2200000 127.37
2450000 136.26
790000 39.62
2540000 113.64
1335000 60.1
3140000 71.48
1820000 117.4
1230000 79.53
1360000 88.99
1656000 119.49
690000 46.6
4800000 138.22
4270000 138.29
1950000 107.61
1480000 110.23
2340000 90.5
1600000 138.51
1728000 84.35
2250000 65.32
1050000 60.89
1133000 48.03
1790000 64.49
2860000 84.58
1770000 85.05
1605000 72.91
1300000 53.25
1270000 75.53
1290000 57.39
1205000 60.12
600000 39.96
2448000 177.89
1250000 82.03
1980000 77.18
1448000 91.34
1580000 119.86
1690000 87.2
1058000 90.92
1070000 63.76
2350000 94.6
983000 49.14
1290000 77.73
1665000 60.14
1540000 85.89
980000 59.1
1720000 90.31
3200000 76.25
1700000 62.78
860000 54.43
750000 36.1
1198000 117.25
2880000 71.49
535000 41.03
1170000 47.25
1775000 81.42
1050000 80.71
2720000 98.97
1620000 68.86
1488000 111.27
1500000 91.85
1875000 87.65
1090000 39.31
950000 42.5
1775000 99.85
1800000 79.03
4270000 138.29
1780000 87.24
4180000 138.37
830000 37.06
1535000 78.17
1260000 64.6
1400000 64.18
1350000 59.91
1070000 50.37
1035000 51.13
1580000 62.49
3270000 88.59
1800000 53.96
1120000 54.78
1420000 78.48
975000 54.06
1940000 101.65
1650000 99.39
1608000 88.49
1655000 85.17
1200000 66.37
2535000 125.64
1970000 112.45
2790000 104.79
1300000 84.24
1045000 62.26
2430000 161.06
1540000 55.57
2380000 125.17
1250000 62.53
810000 50.18
725000 41.6
1730000 94.79
1100000 66.12
740000 39.65
1790000 85.17
1020000 58.16
1735000 79.15
1800000 132
1298000 59.26
1288000 128.44
1538000 134.79
1000000 50.54
1565000 77.06
3420000 176.17
1900000 89
5310000 140.43
1740000 80.81
1580000 52.79
1070000 61.67
4000000 143.42
1780000 53.72
2850000 81.19
1228000 66.53
740000 48.09
6400000 212.33
1950000 123.73
2560000 125.21
1838000 82.42
1065000 61.25
1420000 48.35
1078000 63.37
2280000 121.82
3120000 157.01
1360000 66.27
1600000 62.93
638000 43.34
1193000 67.86
2240000 122.03
1010000 58.06
3270000 129.09
948000 62.79
1035000 45.02
1844000 129.89
1720000 82.32
3760000 88.52
575000 48.03
860000 45.44
4000000 138.84
2480000 129.51
1645000 67.63
1370000 82.24
980000 50.83
1525000 42.76
1280000 71.35
950000 48.76
728000 52.69
1440000 61.42
2350000 108.9
1845900 77.87
1040000 43.47
3530000 116.87
1400000 68.1
1320000 64.24
1820000 75.19
1550000 62.6
1240000 64.01
3190000 114.7
2100000 83.44
905000 64
3580000 129.53
1270000 60.46
2260000 86.73
1800000 143.97
1640000 49.84
1270000 68.81
2850000 119.67
1420000 80.58
3486000 112.5
1146000 65.05
2450000 161.77
2750000 110.39
3020000 101.23
2530000 103.36
2200000 146.4
1485000 58.29
1000000 60.92
1330000 72.33
3700000 145.28
1820000 76.6
5500000 215.33
2310000 140.4
773000 50.64
107000 13.53
5400000 232.63
1770000 116.95
950000 54.61
1109000 68.94
1490000 109.31
1970000 77.1
720000 48.97
1710000 57.12
2100000 104.7
880000 57.48
1160000 58.27
3480000 167.35
4280000 120.44
1100000 52.1
2180000 67.08
2160000 94.99
1528000 74.18
1420000 73.48
1800000 90.19
2060000 92.52
1600000 78.7
3180000 90.9
1660000 84.88
2756000 94.71
2090000 73.07
1130000 65.34
1210000 63.83
940000 53.51
2200000 143.14
2280000 76.04
2400000 201.86
1890000 69.27
1810000 51.52
1930000 39.3
2100000 137.76
1500000 57.53
1200000 80.84
1730000 83.32
3100000 122.78
1100000 66.48
2400000 110.99
4070000 133.9
1648888 80.41
1325000 86.26
1090000 50.32
1346000 74.97
2100000 101.28
757000 43.7
650000 38.59
1190000 62.99
2300000 145.35
2460000 46.67
3800000 119.84
2070000 86.56
939800 51.71
1235000 51.29
1560000 84.41
1335000 88.89
1520000 76.03
2260000 74.43
1220000 67.47
977700 60.79
1325000 129.54
3030000 128.08
2691000 134.94
3092000 130.12
2050000 113.48
910000 55.69
1950000 69.27
1500000 61.15
1400000 57.12
1050000 66.19
1750000 86.29
950000 58.4
1210000 79.66
1338000 78.22
1246000 64.04
1750000 108.83
2520000 101.21
1480000 64.98
1365000 58.76
1450000 87.95
1476000 73.55
1770000 50.97
940000 56.49
1000000 57.56
1858000 93.99
2495000 104.65
1620000 76.18
1400000 43.22
1368000 80.34
750000 46.16
1100000 59.52
1410000 98.29
4520000 130.11
1200000 56.71
957000 54.12
1090000 57.57
2080000 93.65
2920000 96.99
536000 33.99
2540000 109.29
1545000 91.96
767000 41.64
2000000 68.96
1790000 75.97
3170000 127.52
1020000 50.83
2690000 117.51
1780000 79.41
1850000 80.73
3918000 126.32
2000000 76.97
1850000 93.79
2100000 142.18
1400000 53.03
1860000 75.98
2000000 81.39
920000 41.99
4820000 174.29
2750000 169.09
870000 51.58
1150000 77.12
1190000 63.92
2970000 108.52
980000 54.36
1460000 77.45
1080000 127.82
2150000 75.91
2120000 79.08
970000 59.13
1420000 84.44
4670000 123.89
2078000 74.6
1220000 59.77
1600000 39.06
3100000 73.4
2055000 117.11
2570000 135.41
2430000 123.26
1248000 80.9
3550000 132.93
1530000 50.81
700000 41.22
1530000 48.65
1140000 61.75
2370000 70.74
720000 53.5
880000 58.06
1380000 63.75
1294000 63.17
2420000 100.2
2700000 71.36
2100000 123.06
1260000 81.71
1850000 91.86
1700000 99.07
2570000 60.51
1300000 66.88
1380000 68.4
1500000 51.93
5200000 145.17
1650000 71.56
1025000 52.92
2430000 62.85
1895000 63.04
